50.0 0.04582301095301582
52.22298 0.3991961078369063
57.55814 0.0022325569015772847
57.55814 0.024561051942122845
60.22572 0.039277462237921924
62.4487 0.12064274520894559
72.67442 0.2152626516596395
72.67442 0.3879505913069549
78.00958 0.08659570314833519
78.00958 0.32085376531267007
82.90014 0.07261661979671595
85.56772 0.11387649511669144
93.12585 0.10271224759641866
93.12585 0.37079201871689377
93.12585 0.4282756653892433
101.12859 0.5151265519614353
108.68673 0.3991961078369063
116.24487 0.1306718773120435
116.24487 0.4218787938101015
116.24487 0.5914588611850815
121.58003 0.47513011945343525
123.80301 0.4445558429329058
126.47059 0.6755669459566894
142.03146 0.5636850390953082
144.25445 0.4412075538006796
149.5896 0.40373377240162356
152.25718 0.3629060650199504
157.14774 0.12280818573538695
162.4829 0.40491187413333274
162.4829 0.607003656611545
170.04104 0.3765134218637111
172.70862 0.4015635850011066
177.59918 0.37079201871689377
180.26676 0.3447610436114724
187.8249 0.5388929971201916
195.82763 0.11445877404646061
200.71819 0.335685714482038
208.27633 0.3674380927342767
216.27907 0.3289778625168038
218.50205 0.11562333190599895
218.50205 0.47307250957563135
221.16963 0.468039535828254
226.50479 0.34140711762885534
238.95349 0.4082658001159499
241.62107 0.43884007663647934
246.95622 0.11222621714488333
251.84679 0.3220783576382772
251.84679 0.34140711762885534
251.84679 0.37315949588109404
257.18194 0.47855811317679964
259.40492 0.46723852890610096
259.40492 0.5001746457404398
262.0725 0.0971776717388388
262.0725 0.42424063412391083
269.63064 0.2970281945008817
269.63064 0.31635695449145984
290.08208 0.08708142326060495
290.08208 0.2948580071003648
298.08482 0.07203434086694678
302.97538 0.3277997607850946
305.64295 0.3862216230034393
308.31053 0.4197086064095846
310.53352 0.3141867670909429
310.53352 0.37986734784632825
328.76197 0.2879585022218382
341.21067 0.2733590597092697
343.87825 0.32862954086063156
346.54583 0.06475292822005939
366.99726 0.2676432934128433
374.5554 0.05640351653113307
379.89056 0.25166845940488225
379.89056 0.2733141193256978
418.12585 0.048055567854593105
425.68399 0.23805546571073055
459.02873 0.22852403080876935
469.25445 0.04465699008109112
471.92202 0.24259313027544777
484.81532 0.0569872584732886
487.0383 0.07543145562806242
502.59918 0.09154800007614589
502.59918 0.11562333190599895
512.8249 0.12950585644011878
512.8249 0.2936742685182646
515.49248 0.3402233790467552
520.38304 0.14630123863547084
538.16689 0.10445908438572618
538.16689 0.12902013632784903
540.83447 0.23352343799640427
540.83447 0.25975170286550897
543.50205 0.06426720810778963
543.50205 0.08601342421856602
551.06019 0.047473288924823935
566.62107 0.035725299462395624
579.51436 0.17595141107441978
589.74008 0.21655651831963552
602.18878 0.03019218661720212
625.3078 0.20077897407535783
640.86867 0.02960990768743294
666.21067 0.19723339517944832
668.87825 0.14990154963832983
673.76881 0.21774025690173565
679.10397 0.022910773970314734
691.99726 0.3051170748118994
709.78112 0.20867056462269215
717.33926 0.02960990768743294
717.33926 0.16330519267630175
735.12312 0.03630904140455116
763.57729 0.1644889312584019
766.24487 0.1950632077789314
771.13543 0.028445349827894595
781.36115 0.032910463631049165
784.02873 0.2540302997186916
794.25445 0.19170928179631433
794.25445 0.3072872622124163
809.37073 0.04688954698266841
814.70588 0.07096634182490784
814.70588 0.14279269410362347
819.59644 0.08261630945745038
827.59918 0.16543958939533368
829.82216 0.09941169165280243
840.04788 0.10552708342776512
858.27633 0.1270151498593458
860.49932 0.08882972306229883
863.16689 0.05980209430463506
870.72503 0.051938402727978505
873.39261 0.07096634182490784
878.72777 0.03465730042035669
888.95349 0.12129938356291937
891.17647 0.13826066638929718
893.84405 0.027377350785855657
914.29549 0.18646998842296542
924.5212 0.027377350785855657
929.85636 0.1372742175708804
955.19836 0.018445660167160163
962.7565 0.12129938356291937
975.64979 0.170925192996502
980.98495 0.015047082393658175
983.65253 0.12918533725986273
1008.99453 0.1626967875947495
1019.22025 0.015047082393658175
1026.77839 0.1303690758419629
1045.00684 0.1145915315976852
1047.22982 0.007863691576656558
1062.7907 0.12338554700952975
1090.80027 0.0022325569015772847
1093.46785 0.12819888844144595
1116.58687 0.12338554700952975
1126.81259 0.007281412646887384
1141.92886 0.17869421287500392
1149.487 0.24452145608902373
1152.15458 0.1270151498593458
1154.82216 0.01562936132342735
1165.04788 0.027959629715624833
1180.60876 0.4337612689904116
1180.60876 0.4913533511332193
1185.49932 0.3601650058978898
1190.83447 0.03349274256081834
1190.83447 0.5494048187992777
1205.76835 0.0
1205.76835 0.0
1205.95075 0.5073507764134737
1208.61833 0.1349067404066801
1218.84405 0.3757098013243532
1223.73461 0.03019218661720212
1223.73461 0.4415302888689135
1236.62791 0.2472642578896079
1244.18605 0.170925192996502
1246.85363 0.12918533725986273
1249.5212 0.013396804421850065
1254.78796 0.00023362
1254.78796 0.0007904133267693267
1267.30506 0.23903585248785542
1269.97264 0.20246741370321983
1271.31783 0.0006146700000000001
1271.31783 0.0020739905240870363
1274.8632 0.1349067404066801
1274.8632 0.3231439372594632
1282.86594 0.0044651138031545695
1291.26767 0.00095085
1291.26767 0.0032089429932942747
1297.98222 0.3994762464831096
1305.54036 0.47307250957563135
1323.76881 0.1406281435534975
1323.76881 0.42599224911190964
1328.65937 0.2998301219544979
1333.99453 0.002814835831346459
1340.28728 0.0008853299999999999
1340.28728 0.002992761570588134
1344.22025 0.19423900830146734
1356.66895 0.008931690618695495
1356.81715 0.00072507
1356.81715 0.0024523080138227826
1372.77702 0.00055769
1372.77702 0.0018848317792191634
1377.56498 0.14634390984992393
1379.78796 0.11287372533044367
1385.88691 0.00038533
1385.88691 0.0013038442056964106
1402.90698 0.06807688114405559
1405.83675 0.00020513
1405.83675 0.0006958339543353902
1412.1067 5.769e-05
1412.1067 0.00019486728556120705
1418.46785 0.1236612238767287
1420.69083 0.00669913371711821
1438.91929 0.09980043617182432
1441.14227 0.0
1466.92886 0.005631134675079273
1482.04514 0.0575650594649695
1491.33607 3.276e-05
1491.33607 0.00011065786574770572
1492.27086 0.07593401161652896
1500.2736 0.007281412646887384
1535.84131 0.0552816431876359
1536.9357 0.00016453000000000003
1536.9357 0.00040171
1536.9357 0.0005557551480912705
1536.9357 0.0013578895613729459
1541.17647 0.05325132564333376
1561.62791 0.007281412646887384
1563.15549 0.00044657999999999997
1563.15549 0.0015065142894834175
1589.63748 0.030568639670138564
1605.19836 0.12129938356291937
1605.19836 0.24377686885754796
1607.42134 0.00611539177496268
1610.08892 0.31635695449145984
1619.01505 0.00025
1619.01505 0.00036895
1619.01505 0.0008444586824458618
1619.01505 0.0012430431805603086
1625.64979 0.06579346486672198
1627.87278 0.07928793759914605
1638.39489 0.0001396
1638.39489 0.0004715457282777693
1656.32695 0.045365371946390405
1663.88509 0.0044651138031545695
1684.56452 3.704e-05
1684.56452 0.00012511499839117888
1722.57182 0.0044651138031545695
1722.57182 0.06305066306613782
1733.58413 0.00011538
1733.58413 0.0003897345711224141
1743.84405 0.00033618
1743.84405 0.0011349524692072382
1763.27751 0.05991603243689879
1766.64387 0.00063106
1766.64387 0.002134791549223139
1783.17373 0.00083191
1783.17373 0.002810358495179828
1786.59371 0.0033971147611156333
1786.59371 0.027220350537912434
1810.27911 0.04413478857935052
1819.08345 0.001
1819.08345 0.0033778347297834473
1843.37207 0.04413478857935052
1854.99316 0.00067593
1854.99316 0.0008767800000000001
1854.99316 0.0022834162773336104
1854.99316 0.0029589832232903
1865.73187 0.013607356843760741
1871.06703 0.001164557859538348
1895.64935 0.03539295229867096
1907.43274 0.00032407000000000003
1907.43274 0.0010944184524498367
1932.42134 0.0021701874005169365
1942.65095 0.015781243857548265
1945.31464 0.001164557859538348
1963.29229 1.638e-05
1963.29229 5.532893287385286e-05
1989.65254 0.0
1991.10807 0.002814835831346459
1996.44323 0.0
