50.0 0.04861698696578166
52.22298 0.3803546984526207
57.55814 0.002368683059601635
57.55814 0.026058618089509995
60.22572 0.041361470546240835
62.4487 0.127043883903469
72.67442 0.22668419289394873
72.67442 0.36963995207928896
78.00958 0.09187572103395857
78.00958 0.33787782630257346
82.90014 0.07704428811489329
85.56772 0.12081991042608943
93.12585 0.10897494291113526
93.12585 0.3532912363096541
93.12585 0.45099938515289606
101.12859 0.5424584607191968
108.68673 0.3803546984526207
116.24487 0.13863936096621182
116.24487 0.4019667984056467
116.24487 0.622840857640761
121.58003 0.4527047477734986
123.80301 0.4235735275584855
126.47059 0.7114116021025255
142.03146 0.5370800187133689
144.25445 0.4203832722473281
149.5896 0.3846781926032633
152.25718 0.345777486847854
157.14774 0.13029619488144198
162.4829 0.38580068984237426
162.4829 0.6392104386051403
170.04104 0.3587425984995948
172.70862 0.38261043453121685
177.59918 0.3532912363096541
180.26676 0.3284888810454707
187.8249 0.5674859208811636
195.82763 0.1214376927705989
200.71819 0.31984189274418545
208.27633 0.35009561019830954
216.27907 0.31345064052149635
218.50205 0.12267325745961784
218.50205 0.49817308848831454
221.16963 0.49287307205265074
226.50479 0.32529325493412614
238.95349 0.3889963159537188
241.62107 0.41812753616873194
246.95622 0.11906900971099728
251.84679 0.3068767810924447
251.84679 0.32529325493412614
251.84679 0.3555469723882502
257.18194 0.503949750697387
259.40492 0.4451856275115114
259.40492 0.47656721300493354
262.0725 0.10310290620440328
262.0725 0.40421716368405564
269.63064 0.2830089450608226
269.63064 0.301425418902504
290.08208 0.0923910570600318
290.08208 0.2809411869887761
298.08482 0.07642650577038382
302.97538 0.3123281432823854
305.64295 0.4067140129220138
308.31053 0.3998990403336002
310.53352 0.2993576608304575
310.53352 0.3619382246109393
328.76197 0.2743673275597245
341.21067 0.26045695507504824
343.87825 0.34606617384277355
346.54583 0.06870112203012343
366.99726 0.2550109636852947
374.5554 0.05984261991928037
379.89056 0.23979011595495778
379.89056 0.28781579186261874
418.12585 0.050985670025383296
425.68399 0.22681963350302992
459.02873 0.24064920264322132
469.25445 0.04737987005981672
471.92202 0.23114312765367254
484.81532 0.06046195448073584
487.0383 0.08003075351900439
502.59918 0.09712997539618108
502.59918 0.12267325745961784
512.8249 0.13740224406024687
512.8249 0.27981331894947803
515.49248 0.32416538689482804
520.38304 0.15522169460036928
538.16689 0.11082828994466366
538.16689 0.13688690803417367
540.83447 0.22250151015257444
540.83447 0.2474918434233075
543.50205 0.06818578600405022
543.50205 0.0912579386894491
551.06019 0.05036788768087383
566.62107 0.03790358560446417
579.51436 0.18528715176760277
589.74008 0.20633540158930205
602.18878 0.032033101114678206
625.3078 0.19130253186551485
640.86867 0.03141531877016874
666.21067 0.18792429854780776
668.87825 0.1578551203905294
673.76881 0.20746326962860012
679.10397 0.024307717374417826
691.99726 0.29071604332935946
709.78112 0.19882165212750202
717.33926 0.03141531877016874
717.33926 0.1555974522214501
735.12312 0.03852292016591965
763.57729 0.15672532026074817
766.24487 0.1858565404757613
771.13543 0.0301797540811498
781.36115 0.03491712020035307
784.02873 0.2420404812333668
794.25445 0.18266091436441675
794.25445 0.29278380140140586
809.37073 0.04974855311941835
814.70588 0.07529338739980113
814.70588 0.1360531103404706
819.59644 0.08765369094082853
827.59918 0.17421758723888747
829.82216 0.10547314148095092
840.04788 0.11196140831524637
858.27633 0.1210202406166834
860.49932 0.09424595631050621
863.16689 0.06344841988484695
870.72503 0.055105253800077095
873.39261 0.07529338739980113
878.72777 0.03677046723388148
888.95349 0.11557424922692984
891.17647 0.13173498699001512
893.84405 0.0290466357105671
914.29549 0.1963638304123391
924.5212 0.0290466357105671
929.85636 0.1307950969572667
955.19836 0.019570351255214558
962.7565 0.11557424922692984
975.64979 0.17999424944796
980.98495 0.01596455128964798
983.65253 0.12308799868872987
1008.99453 0.1713292561343512
1019.22025 0.01596455128964798
1026.77839 0.12421586672802795
1045.00684 0.10918299700424075
1047.22982 0.008343166084769848
1062.7907 0.12993221500800525
1090.80027 0.002368683059601635
1093.46785 0.12214810865598147
1116.58687 0.12993221500800525
1126.81259 0.007725383740260379
1141.92886 0.18817548287213903
1149.487 0.2574954293810091
1152.15458 0.1210202406166834
1154.82216 0.01658233363415745
1165.04788 0.029664418055076573
1180.60876 0.4567760473619686
1180.60876 0.5174238864412088
1185.49932 0.3792748674289194
1190.83447 0.03553490254486254
1190.83447 0.5785554854098789
1205.76835 0.0
1205.76835 0.0
1205.95075 0.5342701131789966
1208.61833 0.12853936087867057
1218.84405 0.39564444839329854
1223.73461 0.032033101114678206
1223.73461 0.4649572807861476
1236.62791 0.26038376048554535
1244.18605 0.17999424944796
1246.85363 0.12308799868872987
1249.5212 0.014213650574555814
1254.78796 0.00023362
1254.78796 0.0008323515744599549
1267.30506 0.2517187671719366
1269.97264 0.21321005715012692
1271.31783 0.0006146700000000001
1271.31783 0.0021840336184547533
1274.8632 0.12853936087867057
1274.8632 0.340289511633701
1282.86594 0.00473736611920327
1291.26767 0.00095085
1291.26767 0.003379205109986996
1297.98222 0.4206719085552654
1305.54036 0.49817308848831454
1323.76881 0.13399072306861126
1323.76881 0.4485948139377895
1328.65937 0.31573869724514286
1333.99453 0.002986465404111105
1340.28728 0.0008853299999999999
1340.28728 0.003151553397314188
1344.22025 0.20454506383651813
1356.66895 0.009476284455352544
1356.81715 0.00072507
1356.81715 0.0025824241156321677
1372.77702 0.00055769
1372.77702 0.0019848383698660463
1377.56498 0.13943671445836484
1379.78796 0.11886265047928997
1385.88691 0.00038533
1385.88691 0.0013730243920578743
1402.90698 0.0716889471438715
1405.83675 0.00020513
1405.83675 0.0007327539501656013
1412.1067 5.769e-05
1412.1067 0.00020520667662647348
1418.46785 0.11782461450533886
1420.69083 0.0071076013957509085
1438.91929 0.09509001731320196
1441.14227 0.0
1466.92886 0.005974483025168214
1482.04514 0.060619382615156196
1491.33607 3.276e-05
1491.33607 0.00011652922042439367
1492.27086 0.07235004932087792
1500.2736 0.007725383740260379
1535.84131 0.058214811400049665
1536.9357 0.00016453000000000003
1536.9357 0.00040171
1536.9357 0.0005852427544696426
1536.9357 0.0014299373202260764
1541.17647 0.050737949367851955
1561.62791 0.007725383740260379
1563.15549 0.00044657999999999997
1563.15549 0.001586447872688632
1589.63748 0.029125849414825992
1605.19836 0.11557424922692984
1605.19836 0.23227099569297063
1607.42134 0.006488266834295435
1610.08892 0.301425418902504
1619.01505 0.00025
1619.01505 0.00036895
1619.01505 0.0008892645026281569
1619.01505 0.001308997347868647
1625.64979 0.06928437592876496
1627.87278 0.07554567543222247
1638.39489 0.0001396
1638.39489 0.0004965652982675628
1656.32695 0.043224199906051926
1663.88509 0.00473736611920327
1684.56452 3.704e-05
1684.56452 0.00013175342870938773
1722.57182 0.00473736611920327
1722.57182 0.0663960448242287
1733.58413 0.00011538
1733.58413 0.00041041335325294696
1743.84405 0.00033618
1743.84405 0.001195171491532243
1763.27751 0.06309509499047299
1766.64387 0.00063106
1766.64387 0.0022480606626439806
1783.17373 0.00083191
1783.17373 0.002959472264746506
1786.59371 0.003604247748620575
1786.59371 0.025935594103668583
1810.27911 0.04647651996535799
1819.08345 0.001
1819.08345 0.0035570580105126278
1843.37207 0.04647651996535799
1854.99316 0.00067593
1854.99316 0.0008767800000000001
1854.99316 0.002404571215106536
1854.99316 0.003115982817209062
1865.73187 0.012965111651740725
1871.06703 0.0012355646890189395
1895.64935 0.03727085383415131
1907.43274 0.00032407000000000003
1907.43274 0.0011524867954060913
1932.42134 0.00206775807204647
1942.65095 0.016618575025114997
1945.31464 0.0012355646890189395
1963.29229 1.638e-05
1963.29229 5.8264610212196836e-05
1989.65254 0.0
1991.10807 0.002986465404111105
1996.44323 0.0
