50.0 0.3032912370393553
52.22298 0.5824362372851194
57.55814 0.014776744922641557
57.55814 0.16256356078722572
60.22572 0.054538791391838135
62.4487 0.16751870255855614
72.67442 0.2989033451856777
72.67442 0.5660287718678753
78.00958 0.44552207746198147
78.00958 0.5731556565997076
82.90014 0.4806315427492226
85.56772 0.7537205075646467
93.12585 0.5409940226297344
93.12585 0.5946829515455072
93.12585 0.6798270996323547
101.12859 0.7152799075368163
108.68673 0.5824362372851194
116.24487 0.6155307940966435
116.24487 0.8212712738829426
116.24487 0.8648850106524089
121.58003 0.693225694245368
123.80301 0.6486171266147253
126.47059 0.9380597074619562
142.03146 0.8224293442227643
144.25445 0.643731896310042
149.5896 0.5890567935061126
152.25718 0.5294882361040578
157.14774 0.8128371705742973
162.4829 0.5907756708355383
162.4829 0.8428560277516423
170.04104 0.5493416804735954
172.70862 0.585890440530855
177.59918 0.5409940226297344
180.26676 0.5030142355135271
187.8249 0.7482808480453279
195.82763 0.757574468560198
200.71819 0.48977312307154064
208.27633 0.5361005680316089
216.27907 0.4799862138752897
218.50205 0.6568856907473094
218.50205 0.7652823905513007
221.16963 0.6498971459267179
226.50479 0.4981207809154017
238.95349 0.5956691254336637
241.62107 0.6402776930643064
246.95622 0.7427977236375565
251.84679 0.469919678702003
251.84679 0.4981207809154017
251.84679 0.5444482258754699
257.18194 0.6645027355719005
259.40492 0.6817116834262492
259.40492 0.7297662300091854
262.0725 0.6189767730489368
262.0725 0.6431951035364483
269.63064 0.43337091864474336
269.63064 0.461572020858142
290.08208 0.4302045656694858
290.08208 0.5763705185356951
298.08482 0.47677758175367124
302.97538 0.4782673365458641
305.64295 0.5362887347560004
308.31053 0.6123644411213859
310.53352 0.45840566788288434
310.53352 0.5542351350717208
328.76197 0.42013803049619913
341.21067 0.39883711048082954
343.87825 0.4563191446948686
346.54583 0.42858370267111096
366.99726 0.3904976769304107
374.5554 0.37332100065701174
379.89056 0.36719002931513756
379.89056 0.3795108158478836
418.12585 0.31806798196199687
425.68399 0.3473283606521578
459.02873 0.31731745724315596
469.25445 0.29557363172916834
471.92202 0.35394891687315105
484.81532 0.3771846449716474
487.0383 0.4992622486674155
502.59918 0.6059336917000625
502.59918 0.7652823905513007
512.8249 0.4284774640466179
512.8249 0.8571674053422219
515.49248 0.49639367929253386
520.38304 0.9683319084299841
538.16689 0.6913889826190086
538.16689 0.8539525434062344
540.83447 0.34071602872460677
540.83447 0.378983666111292
543.50205 0.42536884073512343
543.50205 0.5693016956041562
551.06019 0.3142140209664455
566.62107 0.2364569687195178
579.51436 0.2443176508084665
589.74008 0.3159609054635016
602.18878 0.1998346559426958
625.3078 0.2929411081187064
640.86867 0.19598069494714446
666.21067 0.2877680275435452
668.87825 0.20814606848873346
673.76881 0.3176880070863694
679.10397 0.1516407768601355
691.99726 0.4451727797343401
709.78112 0.3044551189378251
717.33926 0.19598069494714446
717.33926 0.23826600531477704
735.12312 0.24032061303415345
763.57729 0.23999310693764486
766.24487 0.2846016745682876
771.13543 0.1882727729560418
781.36115 0.21782626280132492
784.02873 0.3706360082674309
794.25445 0.27970821997016215
794.25445 0.4483391327095977
809.37073 0.3103503766518099
814.70588 0.20833780147851064
814.70588 0.46970875882213237
819.59644 0.5468170286904119
827.59918 0.22972144176035844
829.82216 0.6579815317781742
840.04788 0.6984578055505476
858.27633 0.18531800413371546
860.49932 0.5879420848414334
863.16689 0.3958153508898403
870.72503 0.3437675108117286
873.39261 0.46970875882213237
878.72777 0.22938814578797892
888.95349 0.17697857058329663
891.17647 0.2017254695509596
893.84405 0.1812039500245029
914.29549 0.2589232404536491
924.5212 0.1812039500245029
929.85636 0.2002862181985698
955.19836 0.12208728701485239
962.7565 0.17697857058329663
975.64979 0.23733848658494955
980.98495 0.09959293678202386
983.65253 0.1884843571089731
1008.99453 0.2259129193480629
1019.22025 0.09959293678202386
1026.77839 0.19021145873184092
1045.00684 0.16719166138704575
1047.22982 0.05204784007811164
1062.7907 0.17132722497085168
1090.80027 0.014776744922641557
1093.46785 0.18704510575658326
1116.58687 0.17132722497085168
1126.81259 0.04819387908256031
1141.92886 0.24812617322076205
1149.487 0.33953071111585503
1152.15458 0.18531800413371546
1154.82216 0.1034468977775752
1165.04788 0.18505791102005426
1180.60876 0.6022999963700982
1180.60876 0.6822695864312299
1185.49932 0.5001077718391927
1190.83447 0.22168022379687624
1190.83447 0.7628770570934359
1205.76835 0.0
1205.76835 0.0
1205.95075 0.7044828403039292
1208.61833 0.19683201495283417
1218.84405 0.5216925257078923
1223.73461 0.1998346559426958
1223.73461 0.6130876830059107
1236.62791 0.3433392335281506
1244.18605 0.23733848658494955
1246.85363 0.1884843571089731
1249.5212 0.08867015285493364
1254.78796 0.00023362
1254.78796 0.0010975298577304887
1267.30506 0.33191366629126395
1269.97264 0.2811364943263483
1271.31783 0.0006146700000000001
1271.31783 0.0028798433019082055
1274.8632 0.19683201495283417
1274.8632 0.4487020998702775
1282.86594 0.029553489845283113
1291.26767 0.00095085
1291.26767 0.004455783610444292
1297.98222 0.5546934662164039
1305.54036 0.6568856907473094
1323.76881 0.20517967279669524
1323.76881 0.5915123097342857
1328.65937 0.4163296593657654
1333.99453 0.018630705918192894
1340.28728 0.0008853299999999999
1340.28728 0.004155604504056466
1344.22025 0.26971092708946165
1356.66895 0.05911666300965053
1356.81715 0.00072507
1356.81715 0.003405156738086901
1372.77702 0.00055769
1372.77702 0.002617186583818858
1377.56498 0.21351910634711407
1379.78796 0.15673101592274366
1385.88691 0.00038533
1385.88691 0.0018104552354015755
1402.90698 0.09452827672094133
1405.83675 0.00020513
1405.83675 0.000966201498685815
1412.1067 5.769e-05
1412.1067 0.00027058332261740124
1418.46785 0.18042454953559
1420.69083 0.04433991808700897
1438.91929 0.14561111539464042
1441.14227 0.0
1466.92886 0.03727109515547009
1482.04514 0.07993206767283328
1491.33607 3.276e-05
1491.33607 0.00015365418008226844
1492.27086 0.11078945696024857
1500.2736 0.04819387908256031
1535.84131 0.07676142586161187
1536.9357 0.00016453000000000003
1536.9357 0.00040171
1536.9357 0.0007716948183435783
1536.9357 0.001885500011998532
1541.17647 0.07769490014872454
1561.62791 0.04819387908256031
1563.15549 0.00044657999999999997
1563.15549 0.0020918731476401624
1589.63748 0.044600343337200504
1605.19836 0.17697857058329663
1605.19836 0.3556760184960189
1607.42134 0.04047627377237333
1610.08892 0.461572020858142
1619.01505 0.00025
1619.01505 0.00036895
1619.01505 0.0011725746343274454
1619.01505 0.0017260298617299994
1625.64979 0.09135763490971992
1627.87278 0.11568291155837403
1638.39489 0.0001396
1638.39489 0.0006547656758084455
1656.32695 0.06618911362304807
1663.88509 0.029553489845283113
1684.56452 3.704e-05
1684.56452 0.0001737286578219543
1722.57182 0.029553489845283113
1722.57182 0.08754911249742436
1733.58413 0.00011538
1733.58413 0.0005411666452348025
1743.84405 0.00033618
1743.84405 0.0015759403085360865
1763.27751 0.0831965154548009
1766.64387 0.00063106
1766.64387 0.0029642686755797817
1783.17373 0.00083191
1783.17373 0.0039023283830417377
1786.59371 0.02248466691374423
1786.59371 0.039715113032517284
1810.27911 0.0612834406884896
1819.08345 0.001
1819.08345 0.004690298537309782
1843.37207 0.0612834406884896
1854.99316 0.00067593
1854.99316 0.0008767800000000001
1854.99316 0.003170641811221412
1854.99316 0.004108701518683368
1865.73187 0.01985344436953753
1871.06703 0.007707921991102673
1895.64935 0.04914494807393188
1907.43274 0.00032407000000000003
1907.43274 0.001519656726088369
1932.42134 0.0031663529752576423
1942.65095 0.021913074766311297
1945.31464 0.007707921991102673
1963.29229 1.638e-05
1963.29229 7.682709004113422e-05
1989.65254 0.0
1991.10807 0.018630705918192894
1996.44323 0.0
