50.0 0.23535581588798446
52.22298 0.6017635242775821
57.55814 0.011466842535202078
57.55814 0.12615029651439874
60.22572 0.04544422372154258
62.4487 0.1395842702475589
72.67442 0.24905998360220724
72.67442 0.5848116013341095
78.00958 0.37122943953060605
78.00958 0.4447722212703873
82.90014 0.3729729549375853
85.56772 0.5848916267447734
93.12585 0.4955171246692797
93.12585 0.5275498997551751
93.12585 0.5589461108880294
101.12859 0.5960040424821713
108.68673 0.6017635242775821
116.24487 0.6359562751169471
116.24487 0.6711559467343671
116.24487 0.684320912765919
121.58003 0.7162293658673151
123.80301 0.6701405287518291
126.47059 0.781634394935373
142.03146 0.8497204482943589
144.25445 0.6650931892889606
149.5896 0.6086037738863516
152.25718 0.5470585218163911
157.14774 0.6307665111991697
162.4829 0.6103796896232868
162.4829 0.702306320193382
170.04104 0.567570773438217
172.70862 0.6053323501604183
177.59918 0.5589461108880294
180.26676 0.5197060205857958
187.8249 0.6235019404959977
195.82763 0.587882323552775
200.71819 0.5060255213682566
208.27633 0.5538902742206778
216.27907 0.49591384803355376
218.50205 0.5473473013974443
218.50205 0.5938637171687782
221.16963 0.5415241251551758
226.50479 0.5146501839184444
238.95349 0.6154355262906382
241.62107 0.6615243634061243
246.95622 0.5764154810175729
251.84679 0.4855132697464308
251.84679 0.5146501839184444
251.84679 0.5625149367708656
257.18194 0.5536941726843195
259.40492 0.7043332795911941
259.40492 0.7539824453850335
262.0725 0.49912325145198405
262.0725 0.6395166037953004
269.63064 0.44775169302422946
269.63064 0.47688860719624304
290.08208 0.44448026929829626
290.08208 0.4472669733815846
298.08482 0.3699822581295837
302.97538 0.4941379322966185
305.64295 0.44686038358455277
308.31053 0.6326848513910137
310.53352 0.47361718347030973
310.53352 0.5726266101055685
328.76197 0.4340796910111733
341.21067 0.4120719314003493
343.87825 0.3802260514163122
346.54583 0.33258351940238795
366.99726 0.40345576605464456
374.5554 0.2896993317559933
379.89056 0.3162258271590038
379.89056 0.3793746885499824
418.12585 0.24682265842318654
425.68399 0.35885393972367363
459.02873 0.26440346677478865
469.25445 0.22936690795839335
471.92202 0.3656941893324432
484.81532 0.2926975428775828
487.0383 0.38743049428078896
502.59918 0.47020817276557675
502.59918 0.5938637171687782
512.8249 0.44269585635687797
512.8249 0.6651670388047759
515.49248 0.5128657709770262
520.38304 0.7514313587943695
538.16689 0.5365219901791798
538.16689 0.6626722866935786
540.83447 0.352022187319387
540.83447 0.3915596797785235
543.50205 0.33008876729119063
543.50205 0.4417815244623857
551.06019 0.24383196161518497
566.62107 0.18349202350399707
579.51436 0.2035766781609179
589.74008 0.3264456018257268
602.18878 0.15507288951439405
625.3078 0.3026619264779677
640.86867 0.15208219270639242
666.21067 0.2973171848581962
668.87825 0.17343685589220992
673.76881 0.328230014767145
679.10397 0.11767415078719826
691.99726 0.45994518145725355
709.78112 0.31455801275408873
717.33926 0.15208219270639242
717.33926 0.24617251107535873
735.12312 0.18649023462558664
763.57729 0.24795692401677688
766.24487 0.29404576113226294
771.13543 0.14610079909038926
781.36115 0.16903448416079342
784.02873 0.3829350172283358
794.25445 0.28898992446491145
794.25445 0.46321660518318675
809.37073 0.24083375049359543
814.70588 0.215251183961927
814.70588 0.3644968092103848
819.59644 0.42433328831118045
827.59918 0.1914144469757235
829.82216 0.510597608300774
840.04788 0.5420074390983788
858.27633 0.1914675086141679
860.49932 0.45624657811917735
863.16689 0.30715508222078647
870.72503 0.2667656466855891
873.39261 0.3644968092103848
878.72777 0.17800657458479818
888.95349 0.18285134326846308
891.17647 0.20841943155764034
893.84405 0.14061535017119037
914.29549 0.21574672569006165
924.5212 0.14061535017119037
929.85636 0.2069324207731252
955.19836 0.0947404657167941
962.7565 0.18285134326846308
975.64979 0.19776131826259874
980.98495 0.0772847152520009
983.65253 0.19473893234010117
1008.99453 0.18824101133228588
1019.22025 0.0772847152520009
1026.77839 0.19652334528151932
1045.00684 0.17273966993376022
1047.22982 0.04038943553519736
1062.7907 0.1427577058909965
1090.80027 0.011466842535202078
1093.46785 0.19325192155558604
1116.58687 0.1427577058909965
1126.81259 0.03739873872719577
1141.92886 0.20675011380435554
1149.487 0.28291256924685826
1152.15458 0.1914675086141679
1154.82216 0.0802754120600025
1165.04788 0.14360604697919196
1180.60876 0.5018639959561549
1180.60876 0.5684983281243955
1185.49932 0.4167127449718954
1190.83447 0.17202518096879502
1190.83447 0.6356641716811922
1205.76835 0.0
1205.76835 0.0
1205.95075 0.5870074305964651
1208.61833 0.2033635948902889
1218.84405 0.43469815239935833
1223.73461 0.15507288951439405
1223.73461 0.5108527914979117
1236.62791 0.2860860048902959
1244.18605 0.19776131826259874
1246.85363 0.19473893234010117
1249.5212 0.06880856952480041
1254.78796 0.00023362
1254.78796 0.0009145122420743865
1267.30506 0.27656569795998304
1269.97264 0.2342558281621313
1271.31783 0.0006146700000000001
1271.31783 0.002399617592451595
1274.8632 0.2033635948902889
1274.8632 0.37387918012943694
1282.86594 0.022933685070404157
1291.26767 0.00095085
1291.26767 0.0037127633759430215
1297.98222 0.46219605041318473
1305.54036 0.5473473013974443
1323.76881 0.21198825744047667
1323.76881 0.49287520041439814
1328.65937 0.34690497716021723
1333.99453 0.014457539343203669
1340.28728 0.0008853299999999999
1340.28728 0.0034626403695637025
1344.22025 0.22473552123181845
1356.66895 0.04587488445439626
1356.81715 0.00072507
1356.81715 0.002837332853615404
1372.77702 0.00055769
1372.77702 0.0021807599618696907
1377.56498 0.22060442278618148
1379.78796 0.13059547470580213
1385.88691 0.00038533
1385.88691 0.00150855438222527
1402.90698 0.07876529797763754
1405.83675 0.00020513
1405.83675 0.0008050834267834343
1412.1067 5.769e-05
1412.1067 0.00022546244121910835
1418.46785 0.18641167194681646
1420.69083 0.03440804191919418
1438.91929 0.15044300537051625
1441.14227 0.0
1466.92886 0.028922592999995285
1482.04514 0.06660306679244313
1491.33607 3.276e-05
1491.33607 0.0001280317138904141
1492.27086 0.11446584158973308
1500.2736 0.03739873872719577
1535.84131 0.06396114253756158
1536.9357 0.00016453000000000003
1536.9357 0.00040171
1536.9357 0.0006430115349935846
1536.9357 0.0015710851338200998
1541.17647 0.08027309075036808
1561.62791 0.03739873872719577
1563.15549 0.00044657999999999997
1563.15549 0.001743044700705882
1589.63748 0.04608033991100308
1605.19836 0.18285134326846308
1605.19836 0.3674786022738614
1607.42134 0.03140983079760464
1610.08892 0.47688860719624304
1619.01505 0.00025
1619.01505 0.00036895
1619.01505 0.0009770429936692164
1619.01505 0.0014382072866810864
1625.64979 0.07612337372275597
1627.87278 0.11952167825708453
1638.39489 0.0001396
1638.39489 0.0005455808076648904
1656.32695 0.06838550167873
1663.88509 0.022933685070404157
1684.56452 3.704e-05
1684.56452 0.0001447586899420311
1722.57182 0.022933685070404157
1722.57182 0.07294993807931836
1733.58413 0.00011538
1733.58413 0.0004509248824382167
1743.84405 0.00033618
1743.84405 0.0013131457834914266
1763.27751 0.06932315448681824
1766.64387 0.00063106
1766.64387 0.0024699646879957787
1783.17373 0.00083191
1783.17373 0.0032515990829311515
1786.59371 0.017448236151205263
1786.59371 0.04103300044813459
1810.27911 0.051064175021127915
1819.08345 0.001
1819.08345 0.0039081719746768655
1843.37207 0.051064175021127915
1854.99316 0.00067593
1854.99316 0.0008767800000000001
1854.99316 0.002641924254881561
1854.99316 0.003423558649816934
1865.73187 0.020512251621825826
1871.06703 0.005981393616003181
1895.64935 0.04094982595066419
1907.43274 0.00032407000000000003
1907.43274 0.0012662477197953042
1932.42134 0.0032714237259332817
1942.65095 0.018258979465690314
1945.31464 0.005981393616003181
1963.29229 1.638e-05
1963.29229 6.401585694520705e-05
1989.65254 0.0
1991.10807 0.014457539343203669
1996.44323 0.0
