50.0 0.02694417047543988
52.22298 0.6570682507797186
57.55814 0.0013127551529491794
57.55814 0.01444202720033475
60.22572 0.03142646982224434
62.4487 0.09652801824658401
72.67442 0.17223478404127857
72.67442 0.6385583712233066
78.00958 0.050918727066226695
78.00958 0.2567197725726991
82.90014 0.04269895282872381
85.56772 0.06695997564882392
93.12585 0.060395339625131134
93.12585 0.342669599996763
93.12585 0.6103157279302149
101.12859 0.41216025978946563
108.68673 0.6570682507797186
116.24487 0.0768357483590838
116.24487 0.4732348525864279
116.24487 0.6944034664864864
121.58003 0.7820540089273003
123.80301 0.7317294040581382
126.47059 0.5405309566949491
142.03146 0.927813511599597
144.25445 0.7262181917992365
149.5896 0.6645371495480954
152.25718 0.5973356169029366
157.14774 0.07221185651956752
162.4829 0.48567246989997875
162.4829 0.6664762797873386
170.04104 0.6197330350729509
172.70862 0.6609650675284369
177.59918 0.6103157279302149
180.26676 0.5674692999645455
187.8249 0.431176138845994
195.82763 0.06730235870968485
200.71819 0.552531502427792
208.27633 0.6047952375361973
216.27907 0.5414905216397569
218.50205 0.06798712483140669
218.50205 0.37851220773520505
221.16963 0.3744852521078277
226.50479 0.561948809570528
238.95349 0.6719967701813562
241.62107 0.7223213750505183
246.95622 0.06598960355673567
251.84679 0.5301340842577777
251.84679 0.561948809570528
251.84679 0.6142125446789333
257.18194 0.38290131910356806
259.40492 0.7690646197649059
259.40492 0.8232767632476704
262.0725 0.057140980029058555
262.0725 0.6982910051000887
269.63064 0.4889020518022916
269.63064 0.5207167771150418
290.08208 0.051204333036593094
290.08208 0.48532996978263326
298.08482 0.04235656976786288
302.97538 0.5395513914005137
305.64295 0.3090215479425024
308.31053 0.690831384466828
310.53352 0.5171446950953834
310.53352 0.6252535254669684
328.76197 0.47397353240065415
341.21067 0.4499431624502246
343.87825 0.26294128388425797
346.54583 0.03807506098920753
366.99726 0.44053513344260464
374.5554 0.03316556317932485
379.89056 0.21868260915007556
379.89056 0.4142408985238721
418.12585 0.028256925628389058
425.68399 0.39183420221874177
459.02873 0.18284540672120045
469.25445 0.02625854409477114
471.92202 0.3993031009871185
484.81532 0.03350880649913266
487.0383 0.04435409104253391
502.59918 0.053830703601438344
502.59918 0.06798712483140669
512.8249 0.07615012197841506
512.8249 0.483381561408274
515.49248 0.5600004011961688
520.38304 0.08602589468867494
538.16689 0.06142248880771391
538.16689 0.07586451600804865
540.83447 0.38437458158548105
540.83447 0.4275457442802103
543.50205 0.03778945501884113
543.50205 0.05057634400536577
551.06019 0.027914542567528133
566.62107 0.021006663224027534
579.51436 0.1407812876711995
589.74008 0.3564473948863332
602.18878 0.017753163886901846
625.3078 0.33047789469666045
640.86867 0.01741078082604092
666.21067 0.324641947708699
668.87825 0.11993841398104226
673.76881 0.35839580326069237
679.10397 0.013471655108246494
691.99726 0.5022161756937459
709.78112 0.34346728385905484
717.33926 0.01741078082604092
717.33926 0.26879685244551926
735.12312 0.021349906543835347
763.57729 0.27074526081987843
766.24487 0.32106986568904056
771.13543 0.01672601470431907
781.36115 0.01935152501021743
784.02873 0.4181284371374744
794.25445 0.31554937529502297
794.25445 0.5057882577134043
809.37073 0.02757129924772032
814.70588 0.04172858073663555
814.70588 0.23503371875840992
819.59644 0.04857882273069474
827.59918 0.13237062598502608
829.82216 0.058454595440954625
840.04788 0.06205047783894124
858.27633 0.2090642185687372
860.49932 0.052232342478122765
863.16689 0.03516394471294277
870.72503 0.03054005287342649
873.39261 0.04172858073663555
878.72777 0.020378674192800206
888.95349 0.19965618956111728
891.17647 0.22757409812514914
893.84405 0.01609802567309174
914.29549 0.14919735466693984
924.5212 0.01609802567309174
929.85636 0.22595042447984987
955.19836 0.010846144802348136
962.7565 0.19965618956111728
975.64979 0.1367597373533891
980.98495 0.008847763268730217
983.65253 0.21263630058839564
1008.99453 0.13017607030084458
1019.22025 0.008847763268730217
1026.77839 0.2145847089627548
1045.00684 0.18861520877308208
1047.22982 0.004623891839516278
1062.7907 0.0987225739307655
1090.80027 0.0013127551529491794
1093.46785 0.21101262694309633
1116.58687 0.0987225739307655
1126.81259 0.004281508778655352
1141.92886 0.142975843355381
1149.487 0.19564517977573684
1152.15458 0.2090642185687372
1154.82216 0.009190146329591144
1165.04788 0.01644040873395267
1180.60876 0.347058711365126
1180.60876 0.39313897542337034
1185.49932 0.2881732689427782
1190.83447 0.019693908071078355
1190.83447 0.43958680053216737
1205.76835 0.0
1205.76835 0.0
1205.95075 0.4059387484779068
1208.61833 0.22205360773113153
1218.84405 0.300610886256329
1223.73461 0.017753163886901846
1223.73461 0.35327481736711785
1236.62791 0.19783973545991831
1244.18605 0.1367597373533891
1246.85363 0.21263630058839564
1249.5212 0.007877391176641964
1254.78796 0.0006324212193330905
1254.78796 0.070086
1267.30506 0.19125606840737383
1269.97264 0.16199712772147626
1271.31783 0.0016594300370534937
1271.31783 0.184401
1274.8632 0.22205360773113153
1274.8632 0.258552172515895
1282.86594 0.002625510305898359
1291.26767 0.002567522044301008
1291.26767 0.285255
1297.98222 0.3196267653128573
1305.54036 0.37851220773520505
1323.76881 0.23147091487386748
1323.76881 0.34084260536313404
1328.65937 0.2398984492003523
1333.99453 0.001655138213810106
1340.28728 0.0023945521381586246
1340.28728 0.265599
1344.22025 0.15541346066893177
1356.66895 0.005251880870743605
1356.81715 0.001962127372802665
1356.81715 0.217521
1372.77702 0.001508081369178908
1372.77702 0.167307
1377.56498 0.2408789438814874
1379.78796 0.0903119122445921
1385.88691 0.0010432247464212518
1385.88691 0.115599
1402.90698 0.05446930450615002
1405.83675 0.0005567468853957976
1405.83675 0.061538999999999996
1412.1067 0.00015591615445865805
1412.1067 0.017307
1418.46785 0.20354372817471958
1420.69083 0.003939125717794425
1438.91929 0.16426938222870865
1441.14227 0.0
1466.92886 0.003311136686567099
1482.04514 0.04605864281997661
1491.33607 8.853897070663267e-05
1491.33607 0.009827999999999998
1492.27086 0.12498575814758171
1500.2736 0.004281508778655352
1535.84131 0.044231648186347686
1536.9357 0.00044466779152509985
1536.9357 0.0010864672229568477
1536.9357 0.049359
1536.9357 0.120513
1541.17647 0.08765054244081392
1561.62791 0.004281508778655352
1563.15549 0.0012053840334297367
1563.15549 0.13397399999999998
1589.63748 0.050315326734046144
1605.19836 0.19965618956111728
1605.19836 0.40125150936147774
1607.42134 0.0035958823979866123
1610.08892 0.5207167771150418
1619.01505 0.0006756636958686864
1619.01505 0.0009945769603187063
1619.01505 0.075
1619.01505 0.11068499999999999
1625.64979 0.052642309872521095
1627.87278 0.1305062485415993
1638.39489 0.0003772906077730745
1638.39489 0.04188
1656.32695 0.07467043141353556
1663.88509 0.002625510305898359
1684.56452 0.00010010633317990457
1684.56452 0.011111999999999999
1722.57182 0.002625510305898359
1722.57182 0.0504477541883396
1733.58413 0.0003118323089173161
1733.58413 0.034614
1743.84405 0.0009080920072475145
1743.84405 0.10085399999999999
1763.27751 0.04793969054927504
1766.64387 0.0017080778231560391
1766.64387 0.189318
1783.17373 0.002248608779850988
1783.17373 0.249573
1786.59371 0.0019975212746710324
1786.59371 0.04480411447514454
1810.27911 0.035312887400881024
1819.08345 0.0027026547834747457
1819.08345 0.3
1843.37207 0.035312887400881024
1854.99316 0.0018269946336289282
1854.99316 0.002367525590323877
1854.99316 0.20277900000000001
1854.99316 0.263034
1865.73187 0.022397418170014272
1871.06703 0.0006847661217218525
1895.64935 0.028318416821248384
1907.43274 0.0008756601498458175
1907.43274 0.097221
1932.42134 0.0035720820196584488
1942.65095 0.012626803148394011
1945.31464 0.0006847661217218525
1963.29229 4.4269485353316334e-05
1963.29229 0.004913999999999999
1989.65254 0.0
1991.10807 0.001655138213810106
1996.44323 0.0
