50.0 0.02117493463782143
52.22298 0.23248394197656183
57.55814 0.0010316704529649595
57.55814 0.011349727106406122
60.22572 0.03622322588490067
62.4487 0.11126150117863023
72.67442 0.19852371338088665
72.67442 0.22593477488519875
78.00958 0.04001610361139971
78.00958 0.29590400587847826
82.90014 0.033556332197192514
85.56772 0.05262262978206656
93.12585 0.04746360145534598
93.12585 0.21594196053627188
93.12585 0.39497272187362886
101.12859 0.475070037315026
108.68673 0.23248394197656183
116.24487 0.06038382034565616
116.24487 0.2456938910370355
116.24487 0.5454667055767206
121.58003 0.27670641309824195
123.80301 0.2589005573069872
126.47059 0.623034500944284
142.03146 0.32827905219864983
144.25445 0.2569505797369272
149.5896 0.23512658834676095
152.25718 0.21134933659601274
157.14774 0.05674998765582218
162.4829 0.23581269156585613
162.4829 0.5598027294434487
170.04104 0.21927399291608818
172.70862 0.23386271399579614
177.59918 0.21594196053627188
180.26676 0.20078203390573823
187.8249 0.49698839105824594
195.82763 0.052891702416588214
200.71819 0.19549674116533997
208.27633 0.2139887001756899
216.27907 0.19159022044417603
218.50205 0.05342984768563153
218.50205 0.43628613963124435
221.16963 0.43164453259920943
226.50479 0.19882877354515627
238.95349 0.23776595192643812
241.62107 0.2555718077176929
246.95622 0.05186003196362326
251.84679 0.18757208484526455
251.84679 0.19882877354515627
251.84679 0.2173207325555062
257.18194 0.4413451797789119
259.40492 0.2721105063674608
259.40492 0.29129185138742797
262.0725 0.04490605930359864
262.0725 0.24706938026574782
269.63064 0.17298336376555654
269.63064 0.18424005246544825
290.08208 0.04024055616079969
290.08208 0.17171948941459175
298.08482 0.03328725956267085
302.97538 0.19090411722508083
305.64295 0.35618882418984715
308.31053 0.2444300166860707
310.53352 0.18297617811448344
310.53352 0.22122725327667014
328.76197 0.16770135381568027
341.21067 0.15919892636373523
343.87825 0.30307513298434696
346.54583 0.02992249950735853
366.99726 0.15587017677444093
374.5554 0.026064214268124566
379.89056 0.14656674843513118
379.89056 0.252061068047029
418.12585 0.02220660509078639
425.68399 0.1386388093245338
459.02873 0.21075388063442296
469.25445 0.020636113306882326
471.92202 0.1412814556947329
484.81532 0.02633396296454201
487.0383 0.03485707528467913
502.59918 0.0423045731286254
502.59918 0.05342984768563153
512.8249 0.05984499901471706
512.8249 0.17103010340497457
515.49248 0.19813938753553909
520.38304 0.06760618957830666
538.16689 0.048270819358910956
538.16689 0.05962054646531708
540.83447 0.13599944574485665
540.83447 0.15127427004365984
543.50205 0.02969804695795855
543.50205 0.03974703097687805
551.06019 0.02193753245626473
566.62107 0.016508755433126705
579.51436 0.16226933577093877
589.74008 0.1261182462736773
602.18878 0.013951889343275146
625.3078 0.11692971560263708
640.86867 0.013682816708753485
666.21067 0.11486484036430758
668.87825 0.1382451254145272
673.76881 0.12680763228329447
679.10397 0.010587129287962823
691.99726 0.17769416816460717
709.78112 0.12152562233341818
717.33926 0.013682816708753485
717.33926 0.09510572421247085
735.12312 0.01677850412954415
763.57729 0.09579511022208802
766.24487 0.11360096601334278
771.13543 0.013144671439710164
781.36115 0.015208012345640084
784.02873 0.14794223766384354
794.25445 0.11164770565276082
794.25445 0.17895804251557196
809.37073 0.021667783759847285
814.70588 0.03279373437874921
814.70588 0.08315964950296197
819.59644 0.03817721525486977
827.59918 0.15257491893624572
829.82216 0.04593840581845938
840.04788 0.0487643445428326
858.27633 0.07397111883192177
860.49932 0.041048450126260454
863.16689 0.027634706052028633
870.72503 0.024000873362194648
873.39261 0.03279373437874921
878.72777 0.016015230249205065
888.95349 0.07064236924262746
891.17647 0.08052028592328483
893.84405 0.012651146255788526
914.29549 0.17196998295064128
924.5212 0.012651146255788526
929.85636 0.07994579758193719
955.19836 0.008523788382032904
962.7565 0.07064236924262746
975.64979 0.1576339590839133
980.98495 0.00695329659812884
983.65253 0.07523499318288657
1008.99453 0.15004539886241192
1019.22025 0.00695329659812884
1026.77839 0.07592437919250374
1045.00684 0.06673584852146353
1047.22982 0.003633832689833983
1062.7907 0.11379102125246403
1090.80027 0.0010316704529649595
1093.46785 0.07466050484153892
1116.58687 0.11379102125246403
1126.81259 0.003364760055312323
1141.92886 0.16479885584477258
1149.487 0.2255073376167836
1152.15458 0.07397111883192177
1154.82216 0.007222369232650501
1165.04788 0.012920218890310187
1180.60876 0.4000317620212965
1180.60876 0.4531454532267966
1185.49932 0.33215838348842613
1190.83447 0.015477084980161744
1190.83447 0.506682807892939
1205.76835 0.0
1205.76835 0.0
1205.95075 0.4678989102091573
1208.61833 0.07856702556270286
1218.84405 0.3464944073551541
1223.73461 0.013951889343275146
1223.73461 0.4071966587821557
1236.62791 0.2280368576906174
1244.18605 0.1576339590839133
1246.85363 0.07523499318288657
1249.5212 0.0061906987796855415
1254.78796 0.00023362
1254.78796 0.0007289503661048123
1267.30506 0.220448297469116
1269.97264 0.18672343993300194
1271.31783 0.0006146700000000001
1271.31783 0.0019127159178989519
1274.8632 0.07856702556270286
1274.8632 0.29801609283667935
1282.86594 0.002063340905929919
1291.26767 0.00095085
1291.26767 0.0029594138794853493
1297.98222 0.368412761098374
1305.54036 0.43628613963124435
1323.76881 0.08189905794251916
1323.76881 0.3928668652604372
1328.65937 0.2765151722090921
1333.99453 0.0013007430874866202
1340.28728 0.0008853299999999999
1340.28728 0.002760042839183178
1344.22025 0.17913487971150055
1356.66895 0.004127357873755622
1356.81715 0.00072507
1356.81715 0.002261615238427751
1372.77702 0.00055769
1372.77702 0.0017382662576345524
1377.56498 0.08522780753181347
1379.78796 0.10409660441777098
1385.88691 0.00038533
1385.88691 0.0012024565868224682
1402.90698 0.0627831866601555
1405.83675 0.00020513
1405.83675 0.0006417255359726126
1412.1067 5.769e-05
1412.1067 0.00017971430179737873
1418.46785 0.0720178584713398
1420.69083 0.003095687420790662
1438.91929 0.05812180619177096
1441.14227 0.0
1466.92886 0.002602162236869024
1482.04514 0.053088769825462435
1491.33607 3.276e-05
1491.33607 0.00010205305125467372
1492.27086 0.04422247112168012
1500.2736 0.003364760055312323
1535.84131 0.05098291321227076
1536.9357 0.00016453000000000003
1536.9357 0.00040171
1536.9357 0.0005125393322018152
1536.9357 0.0012522993468980109
1541.17647 0.03101252206120645
1561.62791 0.003364760055312323
1563.15549 0.00044657999999999997
1563.15549 0.0013893669371057536
1589.63748 0.01780257300073278
1605.19836 0.07064236924262746
1605.19836 0.1419708417043501
1607.42134 0.002825938724373218
1610.08892 0.18424005246544825
1619.01505 0.00025
1619.01505 0.00036895
1619.01505 0.0007787931261803551
1619.01505 0.0011463834817374828
1625.64979 0.06067733004696382
1627.87278 0.04617573148226209
1638.39489 0.0001396
1638.39489 0.0004348780816591103
1656.32695 0.026419898120947336
1663.88509 0.002063340905929919
1684.56452 3.704e-05
1684.56452 0.00011538598957488141
1722.57182 0.002063340905929919
1722.57182 0.05814780997313003
1733.58413 0.00011538
1733.58413 0.00035942860359475747
1743.84405 0.00033618
1743.84405 0.0010466979615863972
1763.27751 0.05525692988874856
1766.64387 0.00063106
1766.64387 0.0019687890229839375
1783.17373 0.00083191
1783.17373 0.002591823523928221
1786.59371 0.0015698157220082809
1786.59371 0.0158525954306728
1810.27911 0.040702843946690076
1819.08345 0.001
1819.08345 0.0031151725047214203
1843.37207 0.040702843946690076
1854.99316 0.00067593
1854.99316 0.0008767800000000001
1854.99316 0.0021058566131916803
1854.99316 0.0027288911141359644
1865.73187 0.007924656320075408
1871.06703 0.000538145269043321
1895.64935 0.03264077750447104
1907.43274 0.00032407000000000003
1907.43274 0.00100931589152974
1932.42134 0.0012638743509648018
1942.65095 0.014554085942058474
1945.31464 0.000538145269043321
1963.29229 1.638e-05
1963.29229 5.102652562733686e-05
1989.65254 0.0
1991.10807 0.0013007430874866202
1996.44323 0.0
