50.0 0.2706431129327929
52.22298 0.37973250825069055
57.55814 0.013186085704014621
57.55814 0.14506422463892363
60.22572 0.01060423954429094
62.4487 0.032571467110758104
72.67442 0.05811721514263614
72.67442 0.36903528922811
78.00958 0.08662500050164326
78.00958 0.511457675504997
82.90014 0.42889342327573116
85.56772 0.6725854213259411
93.12585 0.115627066720042
93.12585 0.3527133169450349
93.12585 0.6066463518584866
101.12859 0.13907531295007372
108.68673 0.37973250825069055
116.24487 0.1596837241318665
116.24487 0.40130925479047197
116.24487 0.7717834972643998
121.58003 0.45196420622221023
123.80301 0.4228806393157057
126.47059 0.18239146103011594
142.03146 0.5362014547659393
144.25445 0.419695602674396
149.5896 0.3840489299615563
152.25718 0.34521185859285936
157.14774 0.7253384050893811
162.4829 0.1638805516501695
162.4829 0.3851695910020172
170.04104 0.3581557617109092
172.70862 0.38198455436070744
177.59918 0.3527133169450349
180.26676 0.3279515337639438
187.8249 0.14549184454911318
195.82763 0.6760245183837378
200.71819 0.31931869034221216
208.27633 0.34952291828917753
216.27907 0.3129378930304975
218.50205 0.127721444500949
218.50205 0.6829027124993312
221.16963 0.12636262811627463
226.50479 0.32476113510808646
238.95349 0.3883599896578745
241.62107 0.41744355656437904
246.95622 0.6628384326797232
251.84679 0.3063747872241624
251.84679 0.32476113510808646
251.84679 0.35496536305505183
257.18194 0.12920246316451353
259.40492 0.44445738585548705
259.40492 0.4757876368574609
262.0725 0.4035559388859412
262.0725 0.5739576479146548
269.63064 0.282545994574364
269.63064 0.3009323424582881
290.08208 0.2804816189735152
290.08208 0.5143264700356214
298.08482 0.4254543262179344
302.97538 0.31181723199003664
305.64295 0.10427319827091729
308.31053 0.3992448791896231
310.53352 0.2988679668574392
310.53352 0.36134616036676653
328.76197 0.2739185131671801
341.21067 0.26003089548874225
343.87825 0.0887243262180999
346.54583 0.3824483311007124
366.99726 0.25459381273741566
374.5554 0.3331344443950693
379.89056 0.073790113388954
379.89056 0.23939786350934888
418.12585 0.2838291986368075
425.68399 0.22644859837675146
459.02873 0.06169755952265732
469.25445 0.26375627786981803
471.92202 0.23076502008761726
484.81532 0.3365821824002474
487.0383 0.4455186060375425
502.59918 0.540707282391032
502.59918 0.6829027124993312
512.8249 0.27935559591850667
512.8249 0.7648966622014248
515.49248 0.323635112053078
520.38304 0.8640947381398835
538.16689 0.6169636430318768
538.16689 0.7620278676708004
540.83447 0.22213753868043332
540.83447 0.24708699237069248
543.50205 0.379579536570088
543.50205 0.5080185784472003
551.06019 0.2803901015790108
566.62107 0.21100329410637814
579.51436 0.0475038560252937
589.74008 0.20599787489197857
602.18878 0.17832323110992776
625.3078 0.19098959617307992
640.86867 0.174884134052131
666.21067 0.18761688902260215
668.87825 0.040470841287972424
673.76881 0.20712389794698702
679.10397 0.13531723599270573
691.99726 0.2902404854502553
709.78112 0.19849641653980307
717.33926 0.15534292346024028
717.33926 0.174884134052131
735.12312 0.21445103211155628
763.57729 0.15646894651524876
766.24487 0.1855525134217533
771.13543 0.16800593993653753
781.36115 0.19437811134456678
784.02873 0.2416445476048182
794.25445 0.18236211476589595
794.25445 0.2923048610511041
809.37073 0.2769423635738327
814.70588 0.13583055252130774
814.70588 0.4191464346295133
819.59644 0.48795429862759215
827.59918 0.04466584489166509
829.82216 0.5871523745660508
840.04788 0.6232715346202979
858.27633 0.1208222738024091
860.49932 0.5246524021563931
863.16689 0.35320736516205875
870.72503 0.30676227298704
873.39261 0.4191464346295133
878.72777 0.20469540251795698
888.95349 0.11538519105108247
891.17647 0.1315194928249896
893.84405 0.16169804834811638
914.29549 0.0503436910735326
924.5212 0.16169804834811638
929.85636 0.1305811402791492
955.19836 0.10894506458467651
962.7565 0.11538519105108247
975.64979 0.046146863555229636
980.98495 0.08887214381768702
983.65253 0.12288664940325796
1008.99453 0.043925335559882824
1019.22025 0.08887214381768702
1026.77839 0.12401267245826644
1045.00684 0.1090043937393678
1047.22982 0.046445092175018736
1062.7907 0.03331197644254037
1090.80027 0.013186085704014621
1093.46785 0.12194829685741757
1116.58687 0.03331197644254037
1126.81259 0.043005995117222
1141.92886 0.04824436535707597
1149.487 0.06601658931985047
1152.15458 0.1208222738024091
1154.82216 0.09231124087548374
1165.04788 0.16513714540591312
1180.60876 0.11710808538360655
1180.60876 0.13265695743642392
1185.49932 0.0972383596189857
1190.83447 0.1483298556827418
1190.83447 0.19781720840236353
1205.76835 0.0
1205.76835 0.0
1205.95075 0.13697598723361706
1208.61833 0.12832909416913224
1218.84405 0.10143518713728868
1223.73461 0.11920558718545288
1223.73461 0.17832323110992776
1236.62791 0.06675709865163273
1244.18605 0.046146863555229636
1246.85363 0.12288664940325796
1249.5212 0.07912515517146913
1254.78796 0.00021339800940523566
1254.78796 0.00023362
1267.30506 0.06453557065628591
1269.97264 0.05466272087072575
1271.31783 0.000559941785362456
1271.31783 0.0006146700000000001
1274.8632 0.08724330755453535
1274.8632 0.12832909416913224
1282.86594 0.026372171408029242
1291.26767 0.0008663594398930507
1291.26767 0.00095085
1297.98222 0.10785171873632815
1305.54036 0.127721444500949
1323.76881 0.11501058358176021
1323.76881 0.13377153893500654
1328.65937 0.08094897823438606
1333.99453 0.01662518276181136
1340.28728 0.0008079941723634136
1340.28728 0.0008853299999999999
1344.22025 0.052441192875378934
1356.66895 0.052752983763439884
1356.81715 0.0006620810035393209
1356.81715 0.00072507
1372.77702 0.0005088721762740234
1372.77702 0.00055769
1377.56498 0.13920862168633316
1379.78796 0.030473965308911773
1385.88691 0.0003520155197881238
1385.88691 0.00038533
1402.90698 0.01837958752800478
1405.83675 0.00018786320486101945
1405.83675 0.00020513
1412.1067 5.261081693413694e-05
1412.1067 5.769e-05
1418.46785 0.11763187514655175
1420.69083 0.03956689805942526
1438.91929 0.09493446756630955
1441.14227 0.0
1466.92886 0.03325900647100412
1482.04514 0.015541576394376179
1491.33607 2.9875721316732992e-05
1491.33607 3.276e-05
1492.27086 0.07223169797151968
1500.2736 0.043005995117222
1535.84131 0.014925093256094387
1536.9357 0.00015004433541642486
1536.9357 0.00016453000000000003
1536.9357 0.00036660683667053305
1536.9357 0.00040171
1541.17647 0.05065495143173828
1561.62791 0.043005995117222
1563.15549 0.0004067329580971586
1563.15549 0.00044657999999999997
1589.63748 0.029078204891956887
1605.19836 0.11538519105108247
1605.19836 0.23189104314262576
1607.42134 0.036119160054247125
1610.08892 0.3009323424582881
1619.01505 0.00022798932628764494
1619.01505 0.00025
1619.01505 0.00033560028829541334
1619.01505 0.00036895
1625.64979 0.017763104389722992
1627.87278 0.07542209662737702
1638.39489 0.00012730923979902093
1638.39489 0.0001396
1656.32695 0.04315349307956279
1663.88509 0.026372171408029242
1684.56452 3.3778898582777476e-05
1684.56452 3.704e-05
1722.57182 0.01702259505794072
1722.57182 0.026372171408029242
1733.58413 0.00010522163386827388
1733.58413 0.00011538
1743.84405 0.0003064176545305948
1743.84405 0.00033618
1763.27751 0.016176298678760984
1766.64387 0.0005763570168551663
1766.64387 0.00063106
1783.17373 0.0007587484778852823
1783.17373 0.00083191
1786.59371 0.020064279819608094
1786.59371 0.02589316825064721
1810.27911 0.011915634149097474
1819.08345 0.0009119573051505797
1819.08345 0.001
1843.37207 0.011915634149097474
1854.99316 0.000616483138281792
1854.99316 0.00067593
1854.99316 0.0007988745993119079
1854.99316 0.0008767800000000001
1865.73187 0.012943903118049774
1871.06703 0.006878194115593472
1895.64935 0.009555488643367775
1907.43274 0.00029547416686878783
1907.43274 0.00032407000000000003
1932.42134 0.002064375600848866
1942.65095 0.004260664529663508
1945.31464 0.006878194115593472
1963.29229 1.4937860658366496e-05
1963.29229 1.638e-05
1989.65254 0.0
1991.10807 0.01662518276181136
1996.44323 0.0
