50.0 0.050081447155566075
52.22298 0.47034512498556236
57.55814 0.0024400334714534603
57.55814 0.026843566132870703
60.22572 0.04969038478025853
62.4487 0.1526265723092289
72.67442 0.27233134169902956
72.67442 0.45709531173846485
78.00958 0.09464323799169745
78.00958 0.40591591585029213
82.90014 0.07936504675989024
85.56772 0.124459295751981
93.12585 0.11225752942127237
93.12585 0.43687855408224197
93.12585 0.5418166396877347
101.12859 0.6516927295974361
108.68673 0.47034512498556236
116.24487 0.14281551085832814
116.24487 0.49707056283334194
116.24487 0.7482616421588638
121.58003 0.5598129115778682
123.80301 0.523789359170722
126.47059 0.8546677808781997
142.03146 0.6641510399547612
144.25445 0.5198443019933907
149.5896 0.47569154085719817
152.25718 0.4275870810332748
157.14774 0.13422102861123617
162.4829 0.47707961653070363
162.4829 0.7679275477968712
170.04104 0.44361968713778277
172.70862 0.47313455935337234
177.59918 0.43687855408224197
180.26676 0.4062080590571311
187.8249 0.6817599421287311
195.82763 0.12509568718162614
200.71819 0.3955152273138594
208.27633 0.43292685539451115
216.27907 0.38761182993839777
218.50205 0.1263684700409164
218.50205 0.5984896602377682
221.16963 0.5921223852702255
226.50479 0.40225636036940027
238.95349 0.48103131521843445
241.62107 0.5170548676255807
246.95622 0.12265565371017269
251.84679 0.37948262120935145
251.84679 0.40225636036940027
251.84679 0.43966798845005195
257.18194 0.6054295626184991
259.40492 0.5505147970185016
259.40492 0.5893211422830582
262.0725 0.10620861289276094
262.0725 0.49985335569075234
269.63064 0.3499677489937619
269.63064 0.37274148815381064
290.08208 0.09517409717421552
290.08208 0.3474107674899361
298.08482 0.0787286553302451
302.97538 0.3862237542648923
305.64295 0.4886135703280668
308.31053 0.4945135813295161
310.53352 0.3701845066499848
310.53352 0.4475713858255136
328.76197 0.3392815587608898
341.21067 0.32208004682606145
343.87825 0.41575314200820024
346.54583 0.07077056451279827
366.99726 0.3153455552809202
374.5554 0.06164522308318824
379.89056 0.29652351480860223
379.89056 0.34577294410989323
418.12585 0.052521480627019536
425.68399 0.28048426719369474
459.02873 0.2891084702376686
469.25445 0.04880706532283449
471.92202 0.28583068306533055
484.81532 0.0622832134862747
487.0383 0.08244147166098884
502.59918 0.10005576309056376
502.59918 0.1263684700409164
512.8249 0.14154112902559654
512.8249 0.346016050306031
515.49248 0.4008616431854953
520.38304 0.15989734413194368
538.16689 0.11416670371020778
538.16689 0.1410102698430785
540.83447 0.27514449283245845
540.83447 0.3060474407215535
543.50205 0.07023970533028022
543.50205 0.09400684656205233
551.06019 0.051885089197374404
566.62107 0.03904533246357932
579.51436 0.22259822352972713
589.74008 0.2551535465298202
602.18878 0.03299801490850922
625.3078 0.2365639589214864
640.86867 0.03236162347886408
666.21067 0.23238644888017093
668.87825 0.18964223389906373
673.76881 0.2565482637137252
679.10397 0.025039924091062378
691.99726 0.3594983164171127
709.78112 0.24586207348085307
717.33926 0.03236162347886408
717.33926 0.1924111977852939
735.12312 0.03968332286666578
763.57729 0.19380591496919888
766.24487 0.22982946737634513
771.13543 0.03108884061957381
781.36115 0.03596890756248073
784.02873 0.2993063076660127
794.25445 0.2258777686886143
794.25445 0.3620552979209385
809.37073 0.051247098794287946
814.70588 0.07756140471808191
814.70588 0.1682427414413401
819.59644 0.0902940302313086
827.59918 0.20929959285926233
829.82216 0.10865024533765573
840.04788 0.11533395432237098
858.27633 0.14965315383300634
860.49932 0.09708487043659224
863.16689 0.0653596383873733
870.72503 0.056765156140281325
873.39261 0.07756140471808191
878.72777 0.03787808185141613
888.95349 0.14291866228786507
891.17647 0.16290296708010382
893.84405 0.02992159000741062
914.29549 0.2359054008780007
924.5212 0.02992159000741062
929.85636 0.16174070276018299
955.19836 0.02015985714815546
962.7565 0.14291866228786507
975.64979 0.21623949523999333
980.98495 0.016445441843970406
983.65253 0.15221013533683217
1008.99453 0.20582964166889683
1019.22025 0.016445441843970406
1026.77839 0.1536048525207372
1045.00684 0.1350152649124034
1047.22982 0.008594482247091972
1062.7907 0.1560965234995944
1090.80027 0.0024400334714534603
1093.46785 0.15104787101691133
1116.58687 0.1560965234995944
1126.81259 0.007958090817446837
1141.92886 0.22606817472009264
1149.487 0.3093470032888644
1152.15458 0.14965315383300634
1154.82216 0.01708183327361554
1165.04788 0.030557981437055758
1180.60876 0.5487565420684657
1180.60876 0.6216169703883322
1185.49932 0.4556490340195946
1190.83447 0.03660529899212586
1190.83447 0.6950585727991959
1205.76835 0.0
1205.76835 0.0
1205.95075 0.641855503439528
1208.61833 0.158951268392373
1218.84405 0.47531493965760196
1223.73461 0.03299801490850922
1223.73461 0.5585852215485649
1236.62791 0.31281695447922986
1244.18605 0.21623949523999333
1246.85363 0.15221013533683217
1249.5212 0.014641799802162082
1254.78796 0.00023362
1254.78796 0.0009999613036274938
1267.30506 0.3024071009081334
1269.97264 0.2561439339291965
1271.31783 0.0006146700000000001
1271.31783 0.002623830087296073
1274.8632 0.158951268392373
1274.8632 0.40881323962746924
1282.86594 0.004880066942906921
1291.26767 0.00095085
1291.26767 0.004059671959171449
1297.98222 0.505382152188897
1305.54036 0.5984896602377682
1323.76881 0.16569240144791383
1323.76881 0.5389278625883663
1328.65937 0.3793186545093626
1333.99453 0.0030764249010985963
1340.28728 0.0008853299999999999
1340.28728 0.003786178269290425
1344.22025 0.2457340803581
1356.66895 0.009761732859255162
1356.81715 0.00072507
1356.81715 0.003102444044587865
1372.77702 0.00055769
1372.77702 0.0023845231086501773
1377.56498 0.1724268929930551
1379.78796 0.1427978928291296
1385.88691 0.00038533
1385.88691 0.0016495088170949256
1402.90698 0.08612487227909618
1405.83675 0.00020513
1405.83675 0.0008803078143045458
1412.1067 5.769e-05
1412.1067 0.00024652892139431673
1418.46785 0.14570145514527552
1420.69083 0.0073216993878017006
1438.91929 0.11758794162399049
1441.14227 0.0
1466.92886 0.0061544487756385125
1482.04514 0.0728262416086314
1491.33607 3.276e-05
1491.33607 0.00013999458250784911
1492.27086 0.08946778659230588
1500.2736 0.007958090817446837
1535.84131 0.06993746450926308
1536.9357 0.00016453000000000003
1536.9357 0.00040171
1536.9357 0.0007030924499394509
1536.9357 0.0017178822395651815
1541.17647 0.06274234874452629
1561.62791 0.007958090817446837
1563.15549 0.00044657999999999997
1563.15549 0.0019059091513583856
1589.63748 0.036016910896746704
1605.19836 0.14291866228786507
1605.19836 0.2872254002492356
1607.42134 0.006683708984715245
1610.08892 0.37274148815381064
1619.01505 0.00025
1619.01505 0.00036895
1619.01505 0.0010683347260977496
1619.01505 0.0015725887168158874
1625.64979 0.08323609517972788
1627.87278 0.09341948528003671
1638.39489 0.0001396
1638.39489 0.0005965581110529835
1656.32695 0.05345087569555918
1663.88509 0.004880066942906921
1684.56452 3.704e-05
1684.56452 0.00015828447301864258
1722.57182 0.004880066942906921
1722.57182 0.07976614398936238
1733.58413 0.00011538
1733.58413 0.0004930578427886335
1743.84405 0.00033618
1743.84405 0.0014358418718753757
1763.27751 0.07580048548608753
1766.64387 0.00063106
1766.64387 0.0027007501875751113
1783.17373 0.00083191
1783.17373 0.0035554179684533106
1786.59371 0.003712816330743732
1786.59371 0.03207185371941542
1810.27911 0.055835446124772786
1819.08345 0.001
1819.08345 0.0042733389043909985
1843.37207 0.055835446124772786
1854.99316 0.00067593
1854.99316 0.0008767800000000001
1854.99316 0.002888777099368315
1854.99316 0.003743444880246515
1865.73187 0.01603260610450794
1871.06703 0.0012727828592902716
1895.64935 0.044776045040208885
1907.43274 0.00032407000000000003
1907.43274 0.0013845618050226836
1932.42134 0.0025569815038258307
1942.65095 0.019965039361314746
1945.31464 0.0012727828592902716
1963.29229 1.638e-05
1963.29229 6.999729125392456e-05
1989.65254 0.0
1991.10807 0.0030764249010985963
1996.44323 0.0
