50.0 0.1891219768763916
52.22298 0.21271844702950973
57.55814 0.009214269554400356
57.55814 0.10136904146741363
60.22572 0.03353394708789457
62.4487 0.10300124305050243
72.67442 0.18378494840190443
72.67442 0.20672608196047637
78.00958 0.2739355491903104
78.00958 0.3574001408420427
82.90014 0.2997052878982056
85.56772 0.46999416730397153
93.12585 0.1975828442310842
93.12585 0.36564922181580256
93.12585 0.4239167813474649
101.12859 0.4397999654969124
108.68673 0.21271844702950973
116.24487 0.22480530268754992
116.24487 0.5049702558557223
116.24487 0.5393125254196439
121.58003 0.2531811787813634
123.80301 0.23688915465382615
126.47059 0.5767792756775811
142.03146 0.3003691763926485
144.25445 0.2351049617460538
149.5896 0.21513641889947055
152.25718 0.19338067945335102
157.14774 0.5068572837060779
162.4829 0.2157641904781312
162.4829 0.5182419469890635
170.04104 0.20063159137146958
172.70862 0.21397999757035885
177.59918 0.1975828442310842
180.26676 0.18371179566527168
187.8249 0.4600910604152497
195.82763 0.47239736473690164
200.71819 0.17887585192535005
208.27633 0.19579564763154791
216.27907 0.1753014587262775
218.50205 0.40389545558598294
218.50205 0.47720375960276185
221.16963 0.399598449982185
226.50479 0.1819245990657354
238.95349 0.21755138707766747
241.62107 0.2338434112052047
246.95622 0.46318309518250134
251.84679 0.1716249400072315
251.84679 0.1819245990657354
251.84679 0.1988443947719333
257.18194 0.40857890330448493
259.40492 0.2489760103118663
259.40492 0.2665265812884888
262.0725 0.22606384953663508
262.0725 0.4010743293656192
269.63064 0.15827653380834217
269.63064 0.1685761928668461
290.08208 0.15712011247923052
290.08208 0.3594048180976527
298.08482 0.29730209046527545
302.97538 0.17467368714761686
305.64295 0.32974471190487314
308.31053 0.22364888135843822
310.53352 0.1674197715377344
310.53352 0.20241878797100582
328.76197 0.1534435937601845
341.21067 0.14566403209161488
343.87825 0.2805742786533593
346.54583 0.26725004618463943
366.99726 0.14261828864299342
374.5554 0.23279012721546327
379.89056 0.13410582618402575
379.89056 0.233347591560879
418.12585 0.19833624643079195
425.68399 0.1268519105741433
459.02873 0.1951071255834554
469.25445 0.18430954382602655
471.92202 0.12926988244410412
484.81532 0.23519936283289822
487.0383 0.311322754885536
502.59918 0.3778393953909583
502.59918 0.47720375960276185
512.8249 0.15648933720880592
512.8249 0.5345000923692789
515.49248 0.18129382379531087
520.38304 0.6038184504849513
538.16689 0.4311263736462552
538.16689 0.5324954151136688
540.83447 0.12443694239594641
540.83447 0.13841312017349636
543.50205 0.2652453689290294
543.50205 0.3549969434091126
551.06019 0.19593304899786185
566.62107 0.14744642742392025
579.51436 0.150222162350226
589.74008 0.1153958301865277
602.18878 0.1246100136265794
625.3078 0.10698849693929746
640.86867 0.12220681619364929
666.21067 0.1050991748197877
668.87825 0.1279815534800985
673.76881 0.11602660545695226
679.10397 0.09455796934594336
691.99726 0.1625868314895767
709.78112 0.11119366540879455
717.33926 0.0870199540927142
717.33926 0.12220681619364929
735.12312 0.14985566304135522
763.57729 0.08765072936313875
766.24487 0.10394275349067601
771.13543 0.11740042132778908
781.36115 0.1358289604365898
784.02873 0.13536437303311097
794.25445 0.10215555689113975
794.25445 0.16374325281868837
809.37073 0.1935238133804269
814.70588 0.07608951976378571
814.70588 0.29289421577673536
819.59644 0.34097627898885197
827.59918 0.14124747682068284
829.82216 0.4102946371045244
840.04788 0.4355342483347954
858.27633 0.06768218651655548
860.49932 0.3666204485809479
863.16689 0.2468168298202287
870.72503 0.21436158810666256
873.39261 0.29289421577673536
878.72777 0.1430385527353801
888.95349 0.06463644306793402
891.17647 0.07367455158558882
893.84405 0.11299254663924893
914.29549 0.15920261567252594
924.5212 0.11299254663924893
929.85636 0.07314890552690169
955.19836 0.07612943023714266
962.7565 0.06463644306793402
975.64979 0.1459309245391848
980.98495 0.06210272763237724
983.65253 0.06883860784566717
1008.99453 0.13890575296143187
1019.22025 0.06210272763237724
1026.77839 0.06946938311609174
1045.00684 0.06106204986886151
1047.22982 0.03245524171356613
1062.7907 0.10534296690975342
1090.80027 0.009214269554400356
1093.46785 0.06831296178698004
1116.58687 0.10534296690975342
1126.81259 0.03005204428063603
1141.92886 0.152563886209477
1149.487 0.2087652588315005
1152.15458 0.06768218651655548
1154.82216 0.06450592506530735
1165.04788 0.11539574407217905
1180.60876 0.37033266953430455
1180.60876 0.4195031027858183
1185.49932 0.30749833524198883
1190.83447 0.1382321578695199
1190.83447 0.4690657459447929
1205.76835 0.0
1205.76835 0.0
1205.95075 0.4331612360338634
1208.61833 0.07188735498605256
1218.84405 0.32077002637533
1223.73461 0.1246100136265794
1223.73461 0.3769656312045967
1236.62791 0.21110698269075148
1244.18605 0.1459309245391848
1246.85363 0.06883860784566717
1249.5212 0.05529165551090699
1254.78796 0.00023362
1254.78796 0.0006748317525427699
1267.30506 0.20408181111299853
1269.97264 0.17286074892057107
1271.31783 0.0006146700000000001
1271.31783 0.001770712376330174
1274.8632 0.07188735498605256
1274.8632 0.2758908309348574
1282.86594 0.018428539108800712
1291.26767 0.00095085
1291.26767 0.0027397015594685104
1297.98222 0.3410611212936673
1305.54036 0.40389545558598294
1323.76881 0.07493610212643795
1323.76881 0.36369970786401234
1328.65937 0.25598617813122404
1333.99453 0.011617466987330464
1340.28728 0.0008853299999999999
1340.28728 0.0025551321912516845
1344.22025 0.16583557734281812
1356.66895 0.03686311640210628
1356.81715 0.00072507
1356.81715 0.0020937087707096195
1372.77702 0.00055769
1372.77702 0.0016092141791404513
1377.56498 0.07798184557505941
1379.78796 0.09636828138021027
1385.88691 0.00038533
1385.88691 0.0011131840020577317
1402.90698 0.05812204761002985
1405.83675 0.00020513
1405.83675 0.0005940826539479086
1412.1067 5.769e-05
1412.1067 0.00016637198206919827
1418.46785 0.06589498991701923
1420.69083 0.027648846847705917
1438.91929 0.05318036268031842
1441.14227 0.0
1466.92886 0.023240972159165776
1482.04514 0.04914736208048669
1491.33607 3.276e-05
1491.33607 9.447644535598779e-05
1492.27086 0.04046273175185368
1500.2736 0.03005204428063603
1535.84131 0.047197848128696464
1536.9357 0.00016453000000000003
1536.9357 0.00040171
1536.9357 0.0004744874711361621
1536.9357 0.0011593263441119382
1541.17647 0.028375876093813503
1561.62791 0.03005204428063603
1563.15549 0.00044657999999999997
1563.15549 0.001286217784761006
1589.63748 0.01628902043577333
1605.19836 0.06463644306793402
1605.19836 0.1299006577145287
1607.42134 0.025239611230270964
1610.08892 0.1685761928668461
1619.01505 0.00025
1619.01505 0.00036895
1619.01505 0.0007209740945969764
1619.01505 0.0010612738672467494
1625.64979 0.056172533658239626
1627.87278 0.04224992835138994
1638.39489 0.0001396
1638.39489 0.00040259193442295166
1656.32695 0.02417371131608035
1663.88509 0.018428539108800712
1684.56452 3.704e-05
1684.56452 0.00010681952185548803
1722.57182 0.018428539108800712
1722.57182 0.053830809798988646
1733.58413 0.00011538
1733.58413 0.00033274396413839654
1743.84405 0.00033618
1743.84405 0.0009689891831383364
1763.27751 0.051154553959844674
1766.64387 0.00063106
1766.64387 0.0018226225111411564
1783.17373 0.00083191
1783.17373 0.002399401786818737
1786.59371 0.01402066442026057
1786.59371 0.014504827528000995
1810.27911 0.03768099008001637
1819.08345 0.001
1819.08345 0.0028838963783879056
1843.37207 0.03768099008001637
1854.99316 0.00067593
1854.99316 0.0008767800000000001
1854.99316 0.0019495139517902243
1854.99316 0.0025262932274678056
1865.73187 0.007250911918118535
1871.06703 0.004806394865860213
1895.64935 0.030217466252748477
1907.43274 0.00032407000000000003
1907.43274 0.0009343824265976814
1932.42134 0.0011564213291116968
1942.65095 0.013473563879828294
1945.31464 0.004806394865860213
1963.29229 1.638e-05
1963.29229 4.7238222677993894e-05
1989.65254 0.0
1991.10807 0.011617466987330464
1996.44323 0.0
