50.0 0.26435034049638645
52.22298 0.6382972566421955
57.55814 0.01287949361762031
57.55814 0.14169130986409553
60.22572 0.05690803276157598
62.4487 0.17479594927007636
72.67442 0.3118881245123593
72.67442 0.6203161636162959
78.00958 0.46487617956282934
78.00958 0.4995656797031102
82.90014 0.4189211439781023
85.56772 0.6569470148851324
93.12585 0.5925411067618949
93.12585 0.5928803504980814
93.12585 0.6205168106157739
101.12859 0.7463526670283679
108.68673 0.6382972566421955
116.24487 0.6745658873871679
116.24487 0.7538386182470468
116.24487 0.8569484465558956
121.58003 0.7597124466932696
123.80301 0.7108255050529293
126.47059 0.9788103330164428
142.03146 0.9013079210977217
144.25445 0.7054717360016087
149.5896 0.6455527854070322
152.25718 0.5802710526819242
157.14774 0.7084734293907498
162.4829 0.6474365189621265
162.4829 0.8794708723186041
170.04104 0.6020286258972233
172.70862 0.6420827499108059
177.59918 0.5928803504980814
180.26676 0.5512579507017886
187.8249 0.7807872145438863
195.82763 0.6603061488692824
200.71819 0.5367468931721153
208.27633 0.58751756836755
216.27907 0.5260213289110524
218.50205 0.6670244168375824
218.50205 0.6854217237980943
221.16963 0.6781295868171218
226.50479 0.5458951685712572
238.95349 0.6527993010926579
241.62107 0.7016862427329983
246.95622 0.6474266552516622
251.84679 0.5149893199568163
251.84679 0.5458951685712572
251.84679 0.5966658437666919
257.18194 0.6933696637021878
259.40492 0.7470941357979015
259.40492 0.7997575576276413
262.0725 0.5606124538421978
262.0725 0.6783423675765673
269.63064 0.47493519594323347
269.63064 0.5058410445576744
290.08208 0.4714651604470073
290.08208 0.5023677713682805
298.08482 0.4155620099939523
302.97538 0.5241375953559582
305.64295 0.5595858673855003
308.31053 0.6710958518909417
310.53352 0.5023710090614482
310.53352 0.6073914080277547
328.76197 0.4604331514927712
341.21067 0.43708927633634015
343.87825 0.4761422864958486
346.54583 0.37355595512180534
366.99726 0.42795001401640925
374.5554 0.32538867460033805
379.89056 0.39599729642846226
379.89056 0.4024069475324998
418.12585 0.27722983411400676
425.68399 0.38064036123798983
459.02873 0.3311021713494721
469.25445 0.25762363249295045
471.92202 0.3878958900028265
484.81532 0.32875624861962405
487.0383 0.4351597715798726
502.59918 0.5281351986386572
502.59918 0.6670244168375824
512.8249 0.469572413812702
512.8249 0.7471119102436107
515.49248 0.5440024219369519
520.38304 0.844003513605525
538.16689 0.6026185087143447
538.16689 0.7443098185784404
540.83447 0.37339384555236416
540.83447 0.4153317031210412
543.50205 0.370753863456635
543.50205 0.4962065457189602
551.06019 0.2738707001298568
566.62107 0.20609721798733313
579.51436 0.25493115123413257
589.74008 0.3462644771273228
602.18878 0.17417700510277218
625.3078 0.3210368684157975
640.86867 0.17081787111862218
666.21067 0.31536764159209285
668.87825 0.2171882247930185
673.76881 0.34815722376162794
679.10397 0.1321709502306252
691.99726 0.48786896461098583
709.78112 0.3336551793111656
717.33926 0.17081787111862218
717.33926 0.26111791782122096
735.12312 0.2094647920066192
763.57729 0.2630106644555262
766.24487 0.31189760609586664
771.13543 0.1640996031503222
781.36115 0.18985859038556285
784.02873 0.4061834277218993
794.25445 0.30653482396533516
794.25445 0.491339000107212
809.37073 0.27050312611057076
814.70588 0.22831932257247486
814.70588 0.409400784344632
819.59644 0.4766087841330399
827.59918 0.2397008624523967
829.82216 0.5735003874949542
840.04788 0.6087797343636652
858.27633 0.20309171386094965
860.49932 0.5124536133558666
863.16689 0.3449948762213944
870.72503 0.29962968736509743
873.39261 0.409400784344632
878.72777 0.1999359923380128
888.95349 0.19395245154101873
891.17647 0.2210728068868492
893.84405 0.15793837750100187
914.29549 0.2701712281191985
924.5212 0.15793837750100187
929.85636 0.21949551802492817
955.19836 0.10641196299538458
962.7565 0.19395245154101873
975.64979 0.2476488023564902
980.98495 0.08680576137432824
983.65253 0.20656174935717586
1008.99453 0.23572689250034992
1019.22025 0.08680576137432824
1026.77839 0.20845449599148108
1045.00684 0.18322688727995584
1047.22982 0.045365188856296965
1062.7907 0.17876991922212312
1090.80027 0.01287949361762031
1093.46785 0.20498446049525484
1116.58687 0.17876991922212312
1126.81259 0.04200605487214698
1141.92886 0.2589051211861793
1149.487 0.3542804000353015
1152.15458 0.20309171386094965
1154.82216 0.09016489535847823
1165.04788 0.16129751148515187
1180.60876 0.6284647505198675
1180.60876 0.7119083314095191
1185.49932 0.5218331528410561
1190.83447 0.19321772436971282
1190.83447 0.7960175033256222
1205.76835 0.0
1205.76835 0.0
1205.95075 0.7350865600953486
1208.61833 0.21571002475631773
1218.84405 0.5443555786037645
1223.73461 0.17417700510277218
1223.73461 0.6397210693495565
1236.62791 0.3582543699873482
1244.18605 0.2476488023564902
1246.85363 0.20656174935717586
1249.5212 0.07728540174085792
1254.78796 0.00023362
1254.78796 0.001145208089629238
1267.30506 0.34633246013120794
1269.97264 0.29334945680502794
1271.31783 0.0006146700000000001
1271.31783 0.003004947722360479
1274.8632 0.21571002475631773
1274.8632 0.4681943465917551
1282.86594 0.02575898723524062
1291.26767 0.00095085
1291.26767 0.004649349081828103
1297.98222 0.5787901261192829
1305.54036 0.6854217237980943
1323.76881 0.22485830015545963
1323.76881 0.6172084316901784
1328.65937 0.43441560199935764
1333.99453 0.0162386276017703
1340.28728 0.0008853299999999999
1340.28728 0.004336129775262842
1344.22025 0.28142754694888766
1356.66895 0.0515264145056173
1356.81715 0.00072507
1356.81715 0.0035530815088496872
1372.77702 0.00055769
1372.77702 0.0027308808291158755
1377.56498 0.23399756247539052
1379.78796 0.16353963044038727
1385.88691 0.00038533
1385.88691 0.0018891039427217347
1402.90698 0.09863471725806694
1405.83675 0.00020513
1405.83675 0.0010081746430069362
1412.1067 5.769e-05
1412.1067 0.0002823378405585929
1418.46785 0.1977289317304182
1420.69083 0.03864692088799698
1438.91929 0.15957656743035165
1441.14227 0.0
1466.92886 0.03248569523867666
1482.04514 0.08340442847633109
1491.33607 3.276e-05
1491.33607 0.00016032913254809334
1492.27086 0.1214151900510741
1500.2736 0.04200605487214698
1535.84131 0.08009604955073552
1536.9357 0.00016453000000000003
1536.9357 0.00040171
1536.9357 0.0008052183204559767
1536.9357 0.00196740876936305
1541.17647 0.08514655930610177
1561.62791 0.04200605487214698
1563.15549 0.00044657999999999997
1563.15549 0.002182747042626668
1589.63748 0.04887792856112945
1605.19836 0.19395245154101873
1605.19836 0.38978863663713176
1607.42134 0.03527934686871094
1610.08892 0.5058410445576744
1619.01505 0.00025
1619.01505 0.00036895
1619.01505 0.0012235129162705535
1619.01505 0.0018010110127502548
1625.64979 0.09532633833247137
1627.87278 0.12677797218160555
1638.39489 0.0001396
1638.39489 0.0006832096124454772
1656.32695 0.07253726148994465
1663.88509 0.02575898723524062
1684.56452 3.704e-05
1684.56452 0.0001812756736746452
1722.57182 0.02575898723524062
1722.57182 0.09135236838042461
1733.58413 0.00011538
1733.58413 0.0005646756811171858
1743.84405 0.00033618
1743.84405 0.001644401359467624
1763.27751 0.08681068843522832
1766.64387 0.00063106
1766.64387 0.0030930406523319593
1783.17373 0.00083191
1783.17373 0.004071850985348402
1786.59371 0.01959776158592029
1786.59371 0.04352415950980898
1810.27911 0.06394567905596421
1819.08345 0.001
1819.08345 0.004894051665082214
1843.37207 0.06394567905596421
1854.99316 0.00067593
1854.99316 0.0008767800000000001
1854.99316 0.003308378925595577
1854.99316 0.00428718925861202
1865.73187 0.021757573215299003
1871.06703 0.006718267968299978
1895.64935 0.05127987334673144
1907.43274 0.00032407000000000003
1907.43274 0.0015856727394866373
1932.42134 0.0034700354962262287
1942.65095 0.022865009379264105
1945.31464 0.006718267968299978
1963.29229 1.638e-05
1963.29229 8.016456627404667e-05
1989.65254 0.0
1991.10807 0.0162386276017703
1996.44323 0.0
