50.0 0.20759841637302814
52.22298 0.5710802196524216
57.55814 0.010114465802025508
57.55814 0.11127238000288614
60.22572 0.050493946064596305
62.4487 0.1550947521192915
72.67442 0.2767353108707081
72.67442 0.5549926578652377
78.00958 0.3923166650208977
78.00958 0.4124801297543751
82.90014 0.32898526217793983
85.56772 0.5159106648966314
93.12585 0.4653317077962011
93.12585 0.5304460222360708
93.12585 0.5505785536231653
101.12859 0.6622314897439857
108.68673 0.5710802196524216
116.24487 0.5920011415724197
116.24487 0.6035295172121351
116.24487 0.7603620533119034
121.58003 0.6797095654344543
123.80301 0.635970750831103
126.47059 0.8684889243996613
142.03146 0.8063940745455621
144.25445 0.6311807700283023
149.5896 0.5775716919525133
152.25718 0.5191645691331783
157.14774 0.5563751561950363
162.4829 0.5792570555683136
162.4829 0.7803459834623397
170.04104 0.5386309220927082
172.70862 0.574467074765513
177.59918 0.5304460222360708
180.26676 0.49320674387355673
187.8249 0.6927849301043658
195.82763 0.5185486448371335
200.71819 0.48022379927337316
208.27633 0.5256479774925247
216.27907 0.470627709786281
218.50205 0.5238246047181375
218.50205 0.6081680542001068
221.16963 0.6016978117133294
226.50479 0.4884086991300106
238.95349 0.5840551003118598
241.62107 0.627793914915211
246.95622 0.508434179035108
251.84679 0.4607574463138433
251.84679 0.4884086991300106
251.84679 0.5338328773491622
257.18194 0.615220184266232
259.40492 0.6684200483908164
259.40492 0.7155376541665136
262.0725 0.4402576421808259
262.0725 0.606908308384481
269.63064 0.4249212936410385
269.63064 0.45257254645720585
290.08208 0.39451719100141697
290.08208 0.42181667645403814
298.08482 0.3263472822374377
302.97538 0.46894234617048075
305.64295 0.49651511807928633
308.31053 0.6004249000251346
310.53352 0.4494679292702054
310.53352 0.5434289668362543
328.76197 0.41194641298160045
341.21067 0.3910608064508703
343.87825 0.42247643727421524
346.54583 0.29335927680055635
366.99726 0.38288397053497836
374.5554 0.25553276544265363
379.89056 0.35136456414437095
379.89056 0.3600307624623571
418.12585 0.21771288217505366
425.68399 0.34055634556208175
459.02873 0.29378374845667343
469.25445 0.20231582840172127
471.92202 0.34704781786217354
484.81532 0.2581773734734584
487.0383 0.34173770792046737
502.59918 0.4147527506957708
502.59918 0.5238246047181375
512.8249 0.42012324889749236
512.8249 0.5867185536011127
515.49248 0.48671527157346495
520.38304 0.662809030276901
538.16689 0.47324564761770727
538.16689 0.5845180276205935
540.83447 0.33407293720273545
540.83447 0.37159445349134046
543.50205 0.29115875082003706
543.50205 0.3896786850803956
551.06019 0.21507490223455158
566.62107 0.16185133710331645
579.51436 0.2261979403598918
589.74008 0.30980047555891405
602.18878 0.13678389957824405
625.3078 0.2872295054123838
640.86867 0.13414591963774197
666.21067 0.28215728668349216
668.87825 0.19270900743504085
673.76881 0.31149390311545977
679.10397 0.10379589414136269
691.99726 0.4364930486107674
709.78112 0.29851902245602163
717.33926 0.13414591963774197
717.33926 0.23362042733659483
735.12312 0.1644959451341213
763.57729 0.2353138548931405
766.24487 0.27905266949649177
771.13543 0.12886995975673785
781.36115 0.14909889136078888
784.02873 0.363409553634703
794.25445 0.2742546247529457
794.25445 0.4395976657977677
809.37073 0.21243029420374676
814.70588 0.2042757469638818
814.70588 0.32150877631641633
819.59644 0.374288259397366
827.59918 0.21268425269623306
829.82216 0.4503787360731542
840.04788 0.4780841535387287
858.27633 0.1817047768173515
860.49932 0.402437758913226
863.16689 0.270929819215986
870.72503 0.2353038338386026
873.39261 0.32150877631641633
878.72777 0.15701283118229506
888.95349 0.1735279409014595
891.17647 0.19779233860453546
893.84405 0.12403145383571647
914.29549 0.2397203129127945
924.5212 0.12403145383571647
929.85636 0.19638114897408074
955.19836 0.08356696253731168
962.7565 0.1735279409014595
975.64979 0.21973638276235832
980.98495 0.06816990876397926
983.65253 0.18480939400435192
1008.99453 0.20915818766317043
1019.22025 0.06816990876397926
1026.77839 0.18650282156089762
1045.00684 0.1639318514143673
1047.22982 0.03562598537738343
1062.7907 0.15862081715235413
1090.80027 0.010114465802025508
1093.46785 0.18339820437389717
1116.58687 0.15862081715235413
1126.81259 0.032988005436881365
1141.92886 0.22972400539295443
1149.487 0.31434956618645743
1152.15458 0.1817047768173515
1154.82216 0.07080788870448132
1165.04788 0.12666943377621853
1180.60876 0.5576306836892906
1180.60876 0.6316693644943616
1185.49932 0.4630175002651914
1190.83447 0.15173687130129093
1190.83447 0.7062986177680246
1205.76835 0.0
1205.76835 0.0
1205.95075 0.6522351822241457
1208.61833 0.19299429386098937
1218.84405 0.4830014304156276
1223.73461 0.13678389957824405
1223.73461 0.5676183063198866
1236.62791 0.31787563121952006
1244.18605 0.21973638276235832
1246.85363 0.18480939400435192
1249.5212 0.06069342290245582
1254.78796 0.00023362
1254.78796 0.0010161320415476038
1267.30506 0.3072974361203321
1269.97264 0.2602861306425785
1271.31783 0.0006146700000000001
1271.31783 0.00266626099790696
1274.8632 0.19299429386098937
1274.8632 0.41542430720809
1282.86594 0.020228931604051016
1291.26767 0.00095085
1291.26767 0.004125322390898391
1297.98222 0.5135548707760077
1305.54036 0.6081680542001068
1323.76881 0.20117919371762685
1323.76881 0.5476430610586944
1328.65937 0.3854527544270577
1333.99453 0.012752445742527575
1340.28728 0.0008853299999999999
1340.28728 0.0038474059350904993
1344.22025 0.2497079355433906
1356.66895 0.040464491298404806
1356.81715 0.00072507
1356.81715 0.0031526147955707705
1372.77702 0.00055769
1372.77702 0.002423084099075055
1377.56498 0.20935602963351885
1379.78796 0.14510712948869542
1385.88691 0.00038533
1385.88691 0.0016761836240913465
1402.90698 0.08751762891175387
1405.83675 0.00020513
1405.83675 0.0008945435921316513
1412.1067 5.769e-05
1412.1067 0.0002505156302430823
1418.46785 0.17690673207380542
1420.69083 0.030350025496379295
1438.91929 0.14277207089829178
1441.14227 0.0
1466.92886 0.02551151957535792
1482.04514 0.07400394124809513
1491.33607 3.276e-05
1491.33607 0.00014225848581666452
1492.27086 0.10862934578203266
1500.2736 0.032988005436881365
1535.84131 0.07106844868362429
1536.9357 0.00016453000000000003
1536.9357 0.00040171
1536.9357 0.0007144624136573814
1536.9357 0.0017456627380433192
1541.17647 0.07618004822231925
1561.62791 0.032988005436881365
1563.15549 0.00044657999999999997
1563.15549 0.001936730301411245
1589.63748 0.04373075066260584
1605.19836 0.1735279409014595
1605.19836 0.34874124541871926
1607.42134 0.027705417465574457
1610.08892 0.45257254645720585
1619.01505 0.00025
1619.01505 0.00036895
1619.01505 0.0010856111554995768
1619.01505 0.0015980196208953768
1625.64979 0.08458213634728302
1627.87278 0.11342739052557878
1638.39489 0.0001396
1638.39489 0.0006062052692309637
1656.32695 0.06489859511942683
1663.88509 0.020228931604051016
1684.56452 3.704e-05
1684.56452 0.00016084414879881728
1722.57182 0.020228931604051016
1722.57182 0.08105607131422038
1733.58413 0.00011538
1733.58413 0.0005010312604861646
1743.84405 0.00033618
1743.84405 0.001459061392991431
1763.27751 0.07702628270500597
1766.64387 0.00063106
1766.64387 0.00274442500110293
1783.17373 0.00083191
1783.17373 0.0036129139255025905
1786.59371 0.01539042568302964
1786.59371 0.03894076985980519
1810.27911 0.05673838143102987
1819.08345 0.001
1819.08345 0.004342444621998307
1843.37207 0.05673838143102987
1854.99316 0.00067593
1854.99316 0.0008767800000000001
1854.99316 0.0029354925644708555
1854.99316 0.0038039814888705167
1865.73187 0.01946635295952987
1871.06703 0.005275959881004132
1895.64935 0.04550013474929825
1907.43274 0.00032407000000000003
1907.43274 0.0014069520575274513
1932.42134 0.0031046171870004143
1942.65095 0.020287901273976085
1945.31464 0.005275959881004132
1963.29229 1.638e-05
1963.29229 7.112924290833226e-05
1989.65254 0.0
1991.10807 0.012752445742527575
1996.44323 0.0
