50.0 0.0039486540962714485
52.22298 0.20324981063854572
57.55814 0.00019238358133234028
57.55814 0.0021164715356535575
60.22572 0.02636941675498322
62.4487 0.08099501967844693
72.67442 0.14451928026845295
72.67442 0.1975241809032501
78.00958 0.0074621128303153485
78.00958 0.21540919837653477
82.90014 0.006257509213257346
85.56772 0.009812949423437333
93.12585 0.008850905446276725
93.12585 0.1887879318234307
93.12585 0.28752823790542853
101.12859 0.34583666958793013
108.68673 0.20324981063854572
116.24487 0.011260238750891638
116.24487 0.21479864976377355
116.24487 0.3970833224800105
121.58003 0.24191144380354168
123.80301 0.22634461889915908
126.47059 0.4535503397829932
142.03146 0.2869989842253431
144.25445 0.22463984493286054
149.5896 0.20556015246155973
152.25718 0.18477281603411813
157.14774 0.010582609819265603
162.4829 0.2061599803385907
162.4829 0.4075195157984172
170.04104 0.19170097151331794
172.70862 0.20445520637229214
177.59918 0.1887879318234307
180.26676 0.17553431873190437
187.8249 0.36179257054149583
195.82763 0.009863125482002386
200.71819 0.17091363508587634
208.27633 0.18708028786728992
216.27907 0.16749834717359474
218.50205 0.009963477599132494
218.50205 0.3176031609364388
221.16963 0.31422421090505553
226.50479 0.17382667477576355
238.95349 0.2078676242947315
241.62107 0.2234344491991141
246.95622 0.009670741900670047
251.84679 0.16398547960667653
251.84679 0.17382667477576355
251.84679 0.18999332755717713
257.18194 0.3212859896954767
259.40492 0.23789345802438688
259.40492 0.25466280867267366
262.0725 0.008373980748910903
262.0725 0.2160011755076777
269.63064 0.15123124474770228
269.63064 0.1610724399167893
290.08208 0.007503968235952528
290.08208 0.15012629865843474
298.08482 0.006207333154692293
302.97538 0.16689851929656377
305.64295 0.2592947292539372
308.31053 0.21369370367450596
310.53352 0.15996749382752173
310.53352 0.19340861546945873
328.76197 0.14661343109151653
341.21067 0.13918015740008013
343.87825 0.22062956278743703
346.54583 0.005579880281631312
366.99726 0.13626998770003515
374.5554 0.004860395944368096
379.89056 0.12813643648708892
379.89056 0.18349286096600556
418.12585 0.004141037677603788
425.68399 0.12120541101804688
459.02873 0.1534224734383931
469.25445 0.0038481759086424344
471.92202 0.1235157528410609
484.81532 0.004910698073432057
487.0383 0.00650006885315474
502.59918 0.007888861469116116
502.59918 0.009963477599132494
512.8249 0.011159760563262624
512.8249 0.1495236007915615
515.49248 0.17322397690889035
520.38304 0.012607049890716926
538.16689 0.009001433621971885
538.16689 0.011117905157625443
540.83447 0.11889793918487512
540.83447 0.13225200192088035
543.50205 0.005538024875994131
543.50205 0.007411936771750295
551.06019 0.0040908616190387355
566.62107 0.003078515512814166
579.51436 0.11812718599648059
589.74008 0.11025926975969232
602.18878 0.0026017168859472518
625.3078 0.10222616819122496
640.86867 0.0025515408273821985
666.21067 0.10042094458044755
668.87825 0.10063828489444836
673.76881 0.11086196762656553
679.10397 0.0019742640128862705
691.99726 0.15534968017133596
709.78112 0.10624415397037977
717.33926 0.0025515408273821985
717.33926 0.08314647571992416
735.12312 0.003128817641878127
763.57729 0.08374917358679737
766.24487 0.09931599849117999
771.13543 0.002451188710252092
781.36115 0.0028359558729167725
784.02873 0.12933896223099312
794.25445 0.09760835453503919
794.25445 0.15645462626060352
809.37073 0.004040559489974775
814.70588 0.006115301690490059
814.70588 0.07270258268396391
819.59644 0.0071192010732878475
827.59918 0.1110699427094572
829.82216 0.00856649040074215
840.04788 0.00909346508617412
858.27633 0.06466948111549656
860.49932 0.007654622482146596
863.16689 0.005153257713329451
870.72503 0.004475628781703416
873.39261 0.006115301690490059
878.72777 0.0029864840486119324
888.95349 0.06175931141545158
891.17647 0.07039511085079216
893.84405 0.002359157246049858
914.29549 0.12518896478690178
924.5212 0.002359157246049858
929.85636 0.0698928626283978
955.19836 0.00158949685022159
962.7565 0.06175931141545158
975.64979 0.11475277146849511
980.98495 0.0012966350812602357
983.65253 0.06577442720476413
1008.99453 0.10922852832993825
1019.22025 0.0012966350812602357
1026.77839 0.06637712507163736
1045.00684 0.058344023503169994
1047.22982 0.0006776289316260348
1062.7907 0.08283643405796588
1090.80027 0.00019238358133234028
1093.46785 0.06527217898236978
1116.58687 0.08283643405796588
1126.81259 0.0006274528730609814
1141.92886 0.11996860037599955
1149.487 0.1641625454844544
1152.15458 0.06466948111549656
1154.82216 0.0013468111398252892
1165.04788 0.002409333304614912
1180.60876 0.29121106666446644
1180.60876 0.3298762331309666
1185.49932 0.24180129264850717
1190.83447 0.002886131931481826
1190.83447 0.3688498138285192
1205.76835 0.0
1205.76835 0.0
1205.95075 0.3406163051770279
1208.61833 0.06868746689465136
1218.84405 0.2522374859669138
1223.73461 0.0026017168859472518
1223.73461 0.2964268955719708
1236.62791 0.16600395986397334
1244.18605 0.11475277146849511
1246.85363 0.06577442720476413
1249.5212 0.001154427558492949
1254.78796 0.00023362
1254.78796 0.0005306538975461021
1267.30506 0.16047971672541647
1269.97264 0.13592903683296306
1271.31783 0.0006146700000000001
1271.31783 0.001392399543133789
1274.8632 0.06868746689465136
1274.8632 0.21694673402839912
1282.86594 0.00038476716266468055
1291.26767 0.00095085
1291.26767 0.0021543641139692175
1297.98222 0.2681933869204795
1305.54036 0.3176031609364388
1323.76881 0.07160050658453859
1323.76881 0.285995237756962
1328.65937 0.20129471180248804
1333.99453 0.00024255963989739366
1340.28728 0.0008853299999999999
1340.28728 0.00200922800523866
1344.22025 0.1304047936944062
1356.66895 0.0007696603958282683
1356.81715 0.00072507
1356.81715 0.0016463877334122652
1372.77702 0.00055769
1372.77702 0.001265405447994551
1377.56498 0.07451067628458358
1379.78796 0.0757791907709425
1385.88691 0.00038533
1385.88691 0.0008753521557811769
1402.90698 0.045704267739932226
1405.83675 0.00020513
1405.83675 0.00046715684997648306
1412.1067 5.769e-05
1412.1067 0.00013082659551040437
1418.46785 0.06296183715935577
1420.69083 0.000577276814495928
1438.91929 0.050813170157097
1441.14227 0.0
1466.92886 0.00048524535029369453
1482.04514 0.038647024452908844
1491.33607 3.276e-05
1491.33607 7.429154565645429e-05
1492.27086 0.03866163316499597
1500.2736 0.0006274528730609814
1535.84131 0.037114024304442335
1536.9357 0.00016453000000000003
1536.9357 0.0003731131870224793
1536.9357 0.00040171
1536.9357 0.0009116361829638164
1541.17647 0.02711279403976816
1561.62791 0.0006274528730609814
1563.15549 0.00044657999999999997
1563.15549 0.001011417257716075
1589.63748 0.015563954914540356
1605.19836 0.06175931141545158
1605.19836 0.12411845070793413
1607.42134 0.0005269746854319675
1610.08892 0.1610724399167893
1619.01505 0.00025
1619.01505 0.00036895
1619.01505 0.0005669379247287415
1619.01505 0.0008345326252007075
1625.64979 0.04417126759146571
1627.87278 0.04036927712113676
1638.39489 0.0001396
1638.39489 0.0003165781371685293
1656.32695 0.02309767825045561
1663.88509 0.00038476716266468055
1684.56452 3.704e-05
1684.56452 8.399752292781034e-05
1722.57182 0.00038476716266468055
1722.57182 0.04232985321194675
1733.58413 0.00011538
1733.58413 0.00026165319102080875
1743.84405 0.00033618
1743.84405 0.0007619645708354286
1763.27751 0.04022537963535367
1766.64387 0.00063106
1766.64387 0.0014332190737142586
1783.17373 0.00083191
1783.17373 0.0018867694134972516
1786.59371 0.00029273569846244703
1786.59371 0.013859180948241817
1810.27911 0.029630443698022944
1819.08345 0.001
1819.08345 0.002267751698914966
1843.37207 0.029630443698022944
1854.99316 0.00067593
1854.99316 0.0008767800000000001
1854.99316 0.0015330001484665171
1854.99316 0.0019865504882495104
1865.73187 0.006928155479199782
1871.06703 0.00010035211713010672
1895.64935 0.023761502301231013
1907.43274 0.00032407000000000003
1907.43274 0.0007347515504484489
1932.42134 0.0011049460892675709
1942.65095 0.01059493593733072
1945.31464 0.00010035211713010672
1963.29229 1.638e-05
1963.29229 3.7145772828227145e-05
1989.65254 0.0
1991.10807 0.00024255963989739366
1996.44323 0.0
