50.0 0.29656473457640226
52.22298 0.03474220193965894
57.55814 0.014449020943251806
57.55814 0.15895816749365094
60.22572 0.025346419776576232
62.4487 0.07785283184900212
72.67442 0.03376349999710652
72.67442 0.13891267969742432
78.00958 0.20705243564993317
78.00958 0.5604440036900881
82.90014 0.46997192301330504
85.56772 0.737004222254188
93.12585 0.032270182346415016
93.12585 0.2763736294695649
93.12585 0.6647496489789885
101.12859 0.3324199955940341
108.68673 0.03474220193965894
116.24487 0.03671628545686743
116.24487 0.3816785434192035
116.24487 0.8457032788914952
121.58003 0.04135077029460811
123.80301 0.0386898783966611
126.47059 0.43595493251765105
142.03146 0.049057741481324135
144.25445 0.038398475412262024
149.5896 0.035137116758583595
152.25718 0.03158386454309129
157.14774 0.7948097745861358
162.4829 0.035239647438279564
162.4829 0.3917098664164347
170.04104 0.032768118422450455
172.70862 0.0349482444538805
177.59918 0.032270182346415016
180.26676 0.030004695844807472
187.8249 0.34775689012000505
195.82763 0.7407727087125198
200.71819 0.02921486620695815
208.27633 0.03197828878460114
216.27907 0.02863107908333039
218.50205 0.30528180104481034
218.50205 0.7483096816291832
221.16963 0.30203393679755386
226.50479 0.02971280228299359
238.95349 0.035531541000093446
241.62107 0.03819243289804047
246.95622 0.726323687769268
251.84679 0.028030612327598986
251.84679 0.02971280228299359
251.84679 0.03247622486063658
257.18194 0.30882175509685367
259.40492 0.040663961913869576
259.40492 0.043530405748623345
262.0725 0.03692183739367417
262.0725 0.6289300905069559
269.63064 0.02585048629616894
269.63064 0.027532676251563543
290.08208 0.025661613991465843
290.08208 0.5635875652583447
298.08482 0.46620343655497326
302.97538 0.028528548403634425
305.64295 0.2492354349203411
308.31053 0.036527413152164324
310.53352 0.027343803946860448
310.53352 0.03306001198426434
328.76197 0.025061147235734434
341.21067 0.02379055173136814
343.87825 0.21207027692321134
346.54583 0.4190784187079456
366.99726 0.023293106232747513
374.5554 0.36504135283432954
379.89056 0.021902809839166787
379.89056 0.1763742870486661
418.12585 0.31101375551965404
425.68399 0.02071806538239281
459.02873 0.14747047502274582
469.25445 0.2890182931007983
471.92202 0.021112980201317466
484.81532 0.36881930785160183
487.0383 0.48818943041488855
502.59918 0.5924950757037889
502.59918 0.7483096816291832
512.8249 0.025558592734355057
512.8249 0.8381568374158912
515.49248 0.02960978102588281
520.38304 0.9468558940531984
538.16689 0.6760551083539836
538.16689 0.8350132758476345
540.83447 0.02032364114088296
540.83447 0.022606297852008975
543.50205 0.415934857139689
543.50205 0.5566755172317563
551.06019 0.3072452690613223
566.62107 0.2312127407688505
579.51436 0.11354446217422222
589.74008 0.018847003122295106
602.18878 0.19540265085575856
625.3078 0.017473876938232845
640.86867 0.1916341643974268
666.21067 0.017165303744315314
668.87825 0.0967340399763416
673.76881 0.018950024379405888
679.10397 0.14827763300873084
691.99726 0.026554464886425943
709.78112 0.018160685318971383
717.33926 0.014212518284554417
717.33926 0.1916341643974268
735.12312 0.23499069578612278
763.57729 0.014315539541665196
766.24487 0.01697643143961222
771.13543 0.18409719148076334
781.36115 0.21299523336726697
784.02873 0.022108361775973535
794.25445 0.01668453787779834
794.25445 0.02674333719112904
809.37073 0.3034673140440501
814.70588 0.01242730707204903
814.70588 0.4592913885283849
819.59644 0.5346895233718411
827.59918 0.10676100342424756
829.82216 0.6433885800091483
840.04788 0.682967156380572
858.27633 0.011054180887986768
860.49932 0.5749024931922805
863.16689 0.3870368152531854
870.72503 0.33614331094782596
873.39261 0.4592913885283849
878.72777 0.22430069274226216
888.95349 0.010556735389366141
891.17647 0.012032882830539184
893.84405 0.177185143454175
914.29549 0.12033228047352204
924.5212 0.177185143454175
929.85636 0.011947031782946866
955.19836 0.11937959112222725
962.7565 0.010556735389366141
975.64979 0.1103009574762909
980.98495 0.09738412870337144
983.65253 0.011243053192689865
1008.99453 0.1049910263982259
1019.22025 0.09738412870337144
1026.77839 0.011346074449800648
1045.00684 0.009972948265738383
1047.22982 0.05089350430535941
1062.7907 0.07962280887502379
1090.80027 0.014449020943251806
1093.46785 0.011157202145097548
1116.58687 0.07962280887502379
1126.81259 0.04712501784702768
1141.92886 0.1153144392002439
1149.487 0.1577938878247638
1152.15458 0.011054180887986768
1154.82216 0.10115261516170318
1165.04788 0.18095362991250674
1180.60876 0.2799135835216082
1180.60876 0.31707874151873794
1185.49932 0.2324206531731353
1190.83447 0.2167637198255987
1190.83447 0.3545403488699797
1205.76835 0.0
1205.76835 0.0
1205.95075 0.3274021543207559
1208.61833 0.011740989268725304
1218.84405 0.24245197617036643
1223.73461 0.19540265085575856
1223.73461 0.2849270652455612
1236.62791 0.15956386485078547
1244.18605 0.1103009574762909
1246.85363 0.011243053192689865
1249.5212 0.08670359421845138
1254.78796 0.00023362
1254.78796 0.0005100672710456518
1267.30506 0.15425393377272045
1269.97264 0.13065569327554002
1271.31783 0.0006146700000000001
1271.31783 0.0013383816428291886
1274.8632 0.011740989268725304
1274.8632 0.20853032287116802
1282.86594 0.028898041886503613
1291.26767 0.00095085
1291.26767 0.0020707859294588423
1297.98222 0.2577888706963374
1305.54036 0.30528180104481034
1323.76881 0.012238925344760745
1323.76881 0.2749001017976552
1328.65937 0.19348551814998388
1333.99453 0.018217507401583538
1340.28728 0.0008853299999999999
1340.28728 0.0019312803510531942
1344.22025 0.12534576219747504
1356.66895 0.05780555233194776
1356.81715 0.00072507
1356.81715 0.0015825164050390732
1372.77702 0.00055769
1372.77702 0.0012163142617242465
1377.56498 0.012736370843381372
1379.78796 0.07283935012504913
1385.88691 0.00038533
1385.88691 0.0008413930197590665
1402.90698 0.0439311785498037
1405.83675 0.00020513
1405.83675 0.00044903358049318065
1412.1067 5.769e-05
1412.1067 0.00012575120028471645
1418.46785 0.010762287326172888
1420.69083 0.043356531388695954
1438.91929 0.00868567312926844
1441.14227 0.0
1466.92886 0.03644448336210761
1482.04514 0.037147719799829046
1491.33607 3.276e-05
1491.33607 7.140941794639123e-05
1492.27086 0.006608568354949174
1500.2736 0.04712501784702768
1535.84131 0.035674192127919384
1536.9357 0.00016453000000000003
1536.9357 0.00035863832523564564
1536.9357 0.00040171
1536.9357 0.0008762694143604786
1541.17647 0.004634484837740691
1561.62791 0.04712501784702768
1563.15549 0.00044657999999999997
1563.15549 0.0009721794995143619
1589.63748 0.0026604013205322077
1605.19836 0.010556735389366141
1605.19836 0.02121600145842825
1607.42134 0.03957857637142369
1610.08892 0.027532676251563543
1619.01505 0.00025
1619.01505 0.00036895
1619.01505 0.0005449436656470638
1619.01505 0.000802157075832478
1625.64979 0.042457650877894035
1627.87278 0.006900461916763054
1638.39489 0.0001396
1638.39489 0.00030429654289732043
1656.32695 0.0039481670344169665
1663.88509 0.028898041886503613
1684.56452 3.704e-05
1684.56452 8.073885350226898e-05
1722.57182 0.028898041886503613
1722.57182 0.04068767385187237
1733.58413 0.00011538
1733.58413 0.0002515024005694329
1743.84405 0.00033618
1743.84405 0.0007324042866296538
1763.27751 0.038664842964990474
1766.64387 0.00063106
1766.64387 0.0013776175867557772
1783.17373 0.00083191
1783.17373 0.0018135725192734281
1786.59371 0.0023689983361331424
1786.59371 0.021985993859915266
1810.27911 0.028480935741378142
1819.08345 0.001
1819.08345 0.0021797746625882553
1843.37207 0.028480935741378142
1854.99316 0.00067593
1854.99316 0.0008767800000000001
1854.99316 0.0014735276719096606
1854.99316 0.0019094826044273117
1865.73187 0.0011842538793591646
1871.06703 0.007536972916663459
1895.64935 0.02283967891459974
1907.43274 0.00032407000000000003
1907.43274 0.0007062469906785947
1932.42134 0.00018887230470309793
1942.65095 0.010183907223612327
1945.31464 0.007536972916663459
1963.29229 1.638e-05
1963.29229 3.570470897319562e-05
1989.65254 0.0
1991.10807 0.018217507401583538
1996.44323 0.0
