50.0 0.05344353088189859
52.22298 0.06783634022855549
57.55814 0.002603838578773898
57.55814 0.028645636998988335
60.22572 0.03663541953064519
62.4487 0.11252757515965976
72.67442 0.0659253629660134
72.67442 0.20078276710087348
78.00958 0.10099685811115794
78.00958 0.2992711756430105
82.90014 0.08469300645966082
85.56772 0.1328145369960838
93.12585 0.06300956608020984
93.12585 0.1197936377859766
93.12585 0.39946722069921775
101.12859 0.480475984628694
108.68673 0.06783634022855549
116.24487 0.07169086278718675
116.24487 0.15240304740520855
116.24487 0.5516737151544524
121.58003 0.08073998669657778
123.80301 0.0755444274624784
126.47059 0.6301241749336979
142.03146 0.09578833396200948
144.25445 0.07497544475874406
149.5896 0.06860743631694967
152.25718 0.06166948728808132
157.14774 0.14323159762741713
162.4829 0.06880763393493027
162.4829 0.566172872419677
170.04104 0.06398181766992424
172.70862 0.06823865123119592
177.59918 0.06300956608020984
180.26676 0.05858606081784424
187.8249 0.5026437531028615
195.82763 0.1334936508586998
200.71819 0.057043868641055887
208.27633 0.06243962549313588
216.27907 0.05590398746690797
218.50205 0.1348518785839318
218.50205 0.44125075473907127
221.16963 0.43655632963581525
226.50479 0.05801612023077028
238.95349 0.06937757452200423
241.62107 0.07457313375610361
246.95622 0.1308898122799259
251.84679 0.054731538259212974
251.84679 0.05801612023077028
251.84679 0.06341187708285027
257.18194 0.4463673630395329
259.40492 0.07939895002110965
259.40492 0.08499586237450986
262.0725 0.07209221590648757
262.0725 0.11333864345864916
269.63064 0.05047470469794127
269.63064 0.05375928666949858
290.08208 0.05010591961218754
290.08208 0.10156335510208385
298.08482 0.08401389259704482
302.97538 0.05570378984892737
305.64295 0.36024199080959507
308.31053 0.07132207770143302
310.53352 0.05339050158374484
310.53352 0.06455175825699819
328.76197 0.04893347040449254
341.21067 0.04645255255487649
343.87825 0.30652390489649733
346.54583 0.07552155668186941
366.99726 0.04548125884850172
374.5554 0.06578360991315209
379.89056 0.042766617464018365
379.89056 0.2549293374529261
418.12585 0.05604736946067249
425.68399 0.04045332919883584
459.02873 0.21315210465482198
469.25445 0.052083596840428875
471.92202 0.04122442528723001
484.81532 0.06646443009200581
487.0383 0.08797595890105073
502.59918 0.10677273857586937
502.59918 0.1348518785839318
512.8249 0.04990476411086731
512.8249 0.15104311336373882
515.49248 0.057814964729450066
520.38304 0.17063162377286356
538.16689 0.12183097937382457
538.16689 0.15047661637281293
540.83447 0.03968319099378129
540.83447 0.04414022217303359
543.50205 0.0749550596909435
543.50205 0.10031774424854195
551.06019 0.0553682555980565
566.62107 0.04166653620909555
579.51436 0.16411584136148163
589.74008 0.036799962141524804
602.18878 0.03521324819800585
625.3078 0.03411884667392816
640.86867 0.034534134335389856
666.21067 0.033516338053307115
668.87825 0.13981825317603822
673.76881 0.03700111764284502
679.10397 0.026720912282830432
691.99726 0.05184926729029611
709.78112 0.03545988334939629
717.33926 0.027750838232133767
717.33926 0.034534134335389856
735.12312 0.04234735638794928
763.57729 0.027951993733453986
766.24487 0.03314755296755338
771.13543 0.03317590661015786
781.36115 0.03838358376770566
784.02873 0.04316797058331919
794.25445 0.032577612380479425
794.25445 0.05221805237604984
809.37073 0.05468743541920277
814.70588 0.02426510075925624
814.70588 0.08276828174350292
819.59644 0.09635567794453605
827.59918 0.15431110919951327
829.82216 0.11594418835366078
840.04788 0.1230765902273665
858.27633 0.021583985291659596
860.49932 0.10360240300616956
863.16689 0.06974738253339571
870.72503 0.06057593275560429
873.39261 0.08276828174350292
878.72777 0.040420925355553645
888.95349 0.02061269158528482
891.17647 0.023494962554201682
893.84405 0.031930295756615955
914.29549 0.17392687476519927
924.5212 0.031930295756615955
929.85636 0.023327332969768168
955.19836 0.021513235125282637
962.7565 0.02061269158528482
975.64979 0.15942771749997492
980.98495 0.017549462505039016
983.65253 0.02195277037741333
1008.99453 0.15175280504928246
1019.22025 0.017549462505039016
1026.77839 0.022153925878733553
1045.00684 0.019472810411136906
1047.22982 0.009171449777791416
1062.7907 0.11508587930989057
1090.80027 0.002603838578773898
1093.46785 0.021785140792979815
1116.58687 0.11508587930989057
1126.81259 0.00849233591517542
1141.92886 0.16667414551171245
1149.487 0.22807344511725194
1152.15458 0.021583985291659596
1154.82216 0.018228576367655014
1165.04788 0.032609409619231956
1180.60876 0.40458382899967943
1180.60876 0.4583019149127771
1185.49932 0.3359381013824023
1190.83447 0.039062697630321656
1190.83447 0.5124484852648298
1205.76835 0.0
1205.76835 0.0
1205.95075 0.4732232553752071
1208.61833 0.022925021967127725
1218.84405 0.3504372586476267
1223.73461 0.03521324819800585
1223.73461 0.4118302570114169
1236.62791 0.23063174926748276
1244.18605 0.15942771749997492
1246.85363 0.02195277037741333
1249.5212 0.015624737788881116
1254.78796 0.00023362
1254.78796 0.0007372452846724266
1267.30506 0.2229568368167903
1269.97264 0.18884821522762926
1271.31783 0.0006146700000000001
1271.31783 0.0019344812170464525
1274.8632 0.022925021967127725
1274.8632 0.3014072965960357
1282.86594 0.005207677157547796
1291.26767 0.00095085
1291.26767 0.0029930898309350647
1297.98222 0.3726050271217942
1305.54036 0.44125075473907127
1323.76881 0.023897273556842125
1323.76881 0.39733740098794185
1328.65937 0.2796617113190738
1333.99453 0.003282952441389895
1340.28728 0.0008853299999999999
1340.28728 0.0027914500949562816
1344.22025 0.1811733027769368
1356.66895 0.010417060631333321
1356.81715 0.00072507
1356.81715 0.0022873507550093234
1372.77702 0.00055769
1372.77702 0.001758046448065017
1377.56498 0.0248685672632169
1379.78796 0.10528114714792225
1385.88691 0.00038533
1385.88691 0.0012161396576220369
1402.90698 0.06349761310806873
1405.83675 0.00020513
1405.83675 0.0006490279001817088
1412.1067 5.769e-05
1412.1067 0.00018175931825962515
1418.46785 0.02101404470458564
1420.69083 0.007813222052559422
1438.91929 0.016959324527973777
1441.14227 0.0
1466.92886 0.006567611199017519
1482.04514 0.05369288094610039
1491.33607 3.276e-05
1491.33607 0.00010321433985413971
1492.27086 0.012903646468022296
1500.2736 0.00849233591517542
1535.84131 0.0515630612348245
1536.9357 0.00016453000000000003
1536.9357 0.00040171
1536.9357 0.0005183716525092065
1536.9357 0.0012665495916167329
1541.17647 0.009049123909391036
1561.62791 0.00849233591517542
1563.15549 0.00044657999999999997
1563.15549 0.0014051769101021464
1589.63748 0.005194601350759774
1605.19836 0.02061269158528482
1605.19836 0.04142558078855024
1607.42134 0.007132401873705696
1610.08892 0.05375928666949858
1619.01505 0.00025
1619.01505 0.00036895
1619.01505 0.0007876552186671223
1619.01505 0.0011594284818780042
1625.64979 0.06136779339679284
1627.87278 0.013473587055096254
1638.39489 0.0001396
1638.39489 0.0004398266741037211
1656.32695 0.007709045117262522
1663.88509 0.005207677157547796
1684.56452 3.704e-05
1684.56452 0.00011669899719772085
1722.57182 0.005207677157547796
1722.57182 0.05880948924656202
1733.58413 0.00011538
1733.58413 0.0003635186365192503
1743.84405 0.00033618
1743.84405 0.0010586086138886124
1763.27751 0.05588571307486967
1766.64387 0.00063106
1766.64387 0.001991192392790485
1783.17373 0.00083191
1783.17373 0.002621316567724183
1786.59371 0.003962066304005892
1786.59371 0.004625618647025437
1810.27911 0.04116601234841848
1819.08345 0.001
1819.08345 0.0031506208746684894
1843.37207 0.04116601234841848
1854.99316 0.00067593
1854.99316 0.0008767800000000001
1854.99316 0.002129819711275899
1854.99316 0.002759943886209597
1865.73187 0.002312330381842909
1871.06703 0.0013582277252319939
1895.64935 0.03301220552477643
1907.43274 0.00032407000000000003
1907.43274 0.0010208011633925905
1932.42134 0.00036878508575373647
1942.65095 0.014719700726451181
1945.31464 0.0013582277252319939
1963.29229 1.638e-05
1963.29229 5.1607169927069854e-05
1989.65254 0.0
1991.10807 0.003282952441389895
1996.44323 0.0
