50.0 0.18656454758676919
52.22298 0.27217704501128953
57.55814 0.00908966826146706
57.55814 0.09999826394070052
60.22572 0.05586199658163352
62.4487 0.17158299534826477
72.67442 0.2645097070822377
72.67442 0.3061552561192244
78.00958 0.35256714573803094
78.00958 0.4563312118417789
82.90014 0.2956524797889368
85.56772 0.46363860318991584
93.12585 0.2528107714150528
93.12585 0.4181843053502991
93.12585 0.6091109861184482
101.12859 0.7326338323608769
108.68673 0.27217704501128953
116.24487 0.2876423922927455
116.24487 0.5320195937807689
116.24487 0.8411967321503293
121.58003 0.32394983159888724
123.80301 0.30310389629704404
126.47059 0.9608186546548594
142.03146 0.38432771574194713
144.25445 0.30082098966553683
149.5896 0.27527088312301223
152.25718 0.247434026671823
157.14774 0.5000032327680656
162.4829 0.2760741280489129
162.4829 0.8633051693939378
170.04104 0.2567116977298336
172.70862 0.2737912214174057
177.59918 0.2528107714150528
180.26676 0.23506251750208973
187.8249 0.7664354326316348
195.82763 0.4660093030379262
200.71819 0.22887484127864438
208.27633 0.25052402150638825
216.27907 0.2243013414613152
218.50205 0.47075070273394704
218.50205 0.6728228711086118
221.16963 0.6656647721314332
226.50479 0.23277576759342514
238.95349 0.27836087795757747
241.62107 0.29920681325942067
246.95622 0.4569196347764592
251.84679 0.21959717022063374
251.84679 0.23277576759342514
251.84679 0.25442494782116903
257.18194 0.6806247185844093
259.40492 0.31856924357849997
259.40492 0.3410255120093019
262.0725 0.2892527254217042
262.0725 0.39565074372963727
269.63064 0.20251764653306162
269.63064 0.21569624390585299
290.08208 0.20103798482745514
290.08208 0.35454471445546676
298.08482 0.29328177994092636
302.97538 0.2234980965354145
305.64295 0.5493000248661831
308.31053 0.286162730587139
310.53352 0.21421658220024647
310.53352 0.25899844763849816
328.76197 0.1963338135867737
341.21067 0.18637972574905726
343.87825 0.46739023455685635
346.54583 0.26363611877623333
366.99726 0.1824826427114339
374.5554 0.22964218904609407
379.89056 0.17159079524730714
379.89056 0.38871840311371647
418.12585 0.19565421584823625
425.68399 0.16230928091213911
459.02873 0.3250161263100993
469.25445 0.18181719135846694
471.92202 0.1654031190238618
484.81532 0.2320188454263859
487.0383 0.30711284789841425
502.59918 0.37273000751068236
502.59918 0.47075070273394704
512.8249 0.20023089662439703
512.8249 0.5272722375524667
515.49248 0.23196867939036706
520.38304 0.5956532281433198
538.16689 0.4252964048943303
538.16689 0.5252946688350308
540.83447 0.15921928607757385
540.83447 0.17710205469104665
543.50205 0.2616585500587975
543.50205 0.3501964458900206
551.06019 0.19328351600022584
566.62107 0.14545256178031726
579.51436 0.25024521860485816
589.74008 0.14765102183374126
602.18878 0.1229249566919369
625.3078 0.13689368907012414
640.86867 0.12055425684392648
666.21067 0.1344762677381073
668.87825 0.21319605128136676
673.76881 0.14845811003679935
679.10397 0.09327929552724387
691.99726 0.2080327492539586
709.78112 0.1422742770905114
717.33926 0.11134358252759952
717.33926 0.12055425684392648
735.12312 0.14782921816060912
763.57729 0.1121506707306576
766.24487 0.13299660603250082
771.13543 0.11581285714790567
781.36115 0.13399219367083978
784.02873 0.1732011283762659
794.25445 0.13070985612383623
794.25445 0.20951241095956505
809.37073 0.190906859619934
814.70588 0.09735789695175004
814.70588 0.2889335113754801
819.59644 0.3363653779325327
827.59918 0.23529488033842852
829.82216 0.4047463685233858
840.04788 0.4296446734597766
858.27633 0.08660056418813294
860.49932 0.3616627705317795
863.16689 0.2434792135358634
870.72503 0.21146285252315994
873.39261 0.2889335113754801
878.72777 0.14110429321487103
888.95349 0.0827034811505096
891.17647 0.09426790211718479
893.84405 0.11146458858245943
914.29549 0.26520516505783426
924.5212 0.11146458858245943
929.85636 0.09359532861463639
955.19836 0.07509995900430975
962.7565 0.0827034811505096
975.64979 0.24309672781422598
980.98495 0.061262934514540436
983.65253 0.08808022589373944
1008.99453 0.23139395660052978
1019.22025 0.061262934514540436
1026.77839 0.08888731409679754
1045.00684 0.07812998133318043
1047.22982 0.032016361012703436
1062.7907 0.1754839190861635
1090.80027 0.00908966826146706
1093.46785 0.08740765239119103
1116.58687 0.1754839190861635
1126.81259 0.029645661164693027
1141.92886 0.2541461423427569
1149.487 0.34776831205232633
1152.15458 0.08660056418813294
1154.82216 0.06363363436255084
1165.04788 0.11383528843046985
1180.60876 0.6169128335942456
1180.60876 0.6988226239035723
1185.49932 0.5122412493561451
1190.83447 0.1363628935188502
1190.83447 0.7813857708980644
1205.76835 0.0
1205.76835 0.0
1205.95075 0.7215748096457993
1208.61833 0.0919811522085202
1218.84405 0.5343496865997535
1223.73461 0.1229249566919369
1223.73461 0.6279622481227765
1236.62791 0.3516692357902251
1244.18605 0.24309672781422598
1246.85363 0.08808022589373944
1249.5212 0.05454396610108379
1254.78796 0.00023362
1254.78796 0.0011241578259461856
1267.30506 0.33996646457652885
1269.97264 0.28795735080006135
1271.31783 0.0006146700000000001
1271.31783 0.002949713269790418
1274.8632 0.0919811522085202
1274.8632 0.45958838708105887
1282.86594 0.01817933652293412
1291.26767 0.00095085
1291.26767 0.004563888609610582
1297.98222 0.5681512868705114
1305.54036 0.6728228711086118
1323.76881 0.09588207852330097
1323.76881 0.6058634190657146
1328.65937 0.42643053530891967
1333.99453 0.011460368109477473
1340.28728 0.0008853299999999999
1340.28728 0.004256426640121027
1344.22025 0.2762545795863652
1356.66895 0.03636462957814967
1356.81715 0.00072507
1356.81715 0.0034877717163971397
1372.77702 0.00055769
1372.77702 0.0026806840464870577
1377.56498 0.09977916156092433
1379.78796 0.1605335808197339
1385.88691 0.00038533
1385.88691 0.0018543800034838786
1402.90698 0.09682169582957018
1405.83675 0.00020513
1405.83675 0.0009896432142945052
1412.1067 5.769e-05
1412.1067 0.0002771481409351942
1418.46785 0.08431381427946835
1420.69083 0.02727496131668261
1438.91929 0.06804522207211175
1441.14227 0.0
1466.92886 0.02292669275123638
1482.04514 0.08187135756314057
1491.33607 3.276e-05
1491.33607 0.00015738209563246597
1492.27086 0.051772786587597694
1500.2736 0.029645661164693027
1535.84131 0.07862379051040715
1536.9357 0.00016453000000000003
1536.9357 0.00040171
1536.9357 0.00079041746625182
1536.9357 0.0019312454958562673
1541.17647 0.03630743930614175
1561.62791 0.029645661164693027
1563.15549 0.00044657999999999997
1563.15549 0.002142625599880337
1589.63748 0.020842092024685795
1605.19836 0.0827034811505096
1605.19836 0.16621020722691987
1607.42134 0.024898304936390767
1610.08892 0.21569624390585299
1619.01505 0.00025
1619.01505 0.00036895
1619.01505 0.0012010233183185743
1619.01505 0.0017679063245649414
1625.64979 0.09357412877683675
1627.87278 0.054059536496262287
1638.39489 0.0001396
1638.39489 0.0006706514209490919
1656.32695 0.030930694562911903
1663.88509 0.01817933652293412
1684.56452 3.704e-05
1684.56452 0.00017794361484207996
1722.57182 0.01817933652293412
1722.57182 0.08967320503893803
1733.58413 0.00011538
1733.58413 0.0005542962818703884
1743.84405 0.00033618
1743.84405 0.0016141753398201638
1763.27751 0.08521500648133948
1766.64387 0.00063106
1766.64387 0.0030361869487093556
1783.17373 0.00083191
1783.17373 0.003997005603364215
1786.59371 0.013831067957487887
1786.59371 0.018559185393178627
1810.27911 0.06277028270860197
1819.08345 0.001
1819.08345 0.004804093273274297
1843.37207 0.06277028270860197
1854.99316 0.00067593
1854.99316 0.0008767800000000001
1854.99316 0.003247567052733425
1854.99316 0.0042083857073882845
1865.73187 0.009277671058010604
1871.06703 0.0047413996960208255
1895.64935 0.050337289317368084
1907.43274 0.00032407000000000003
1907.43274 0.0015565262205408722
1932.42134 0.0014796617056064966
1942.65095 0.022444723772737513
1945.31464 0.0047413996960208255
1963.29229 1.638e-05
1963.29229 7.869104781623298e-05
1989.65254 0.0
1991.10807 0.011460368109477473
1996.44323 0.0
