50.0 0.007351454333683356
52.22298 0.17825256119712365
57.55814 0.0003581724502155359
57.55814 0.003940366378911151
60.22572 0.0017831930302628237
62.4487 0.005477169097769781
72.67442 0.009772903803972242
72.67442 0.17323111413364828
78.00958 0.013892678458884384
78.00958 0.014566730268197893
82.90014 0.011649993162810044
85.56772 0.018269376806963743
93.12585 0.016478279842615934
93.12585 0.019443674261009927
93.12585 0.1655693172107315
101.12859 0.02338669620752848
108.68673 0.17825256119712365
116.24487 0.020963885148034746
116.24487 0.02685217574810977
116.24487 0.1883810338705196
121.58003 0.21215928470192397
123.80301 0.1985069895278436
126.47059 0.03067067475512253
142.03146 0.2517016071917475
144.25445 0.1970118819811246
149.5896 0.18027875913501723
152.25718 0.16204801172611896
157.14774 0.019702301321096016
162.4829 0.027557907974225145
162.4829 0.18080481549404798
170.04104 0.16812408852372776
172.70862 0.179309707947329
177.59918 0.1655693172107315
180.26676 0.15394573699061662
187.8249 0.02446569054541369
195.82763 0.01836279268847474
200.71819 0.1498933411148295
208.27633 0.1640716926479406
216.27907 0.1468980919892477
218.50205 0.018549624451496736
218.50205 0.021477446704022102
221.16963 0.02124895017709644
226.50479 0.15244811242782572
238.95349 0.18230244005683888
241.62107 0.19595473523091927
246.95622 0.018004620238259206
251.84679 0.1438172643172207
251.84679 0.15244811242782572
251.84679 0.16662646396093686
257.18194 0.021726492583033698
259.40492 0.2086354622012395
259.40492 0.2233423871094533
262.0725 0.015590359541721194
262.0725 0.189435663604653
269.63064 0.13263164489361942
269.63064 0.14126249300422444
290.08208 0.013970603264566925
290.08208 0.13166259370593122
298.08482 0.011556577281299043
302.97538 0.14637203563021692
305.64295 0.01753442475750355
308.31053 0.18741198268283135
310.53352 0.14029344181653622
310.53352 0.16962171308651866
328.76197 0.12858176603390423
341.21067 0.12206269440763795
343.87825 0.014919749734629353
346.54583 0.010388409335871311
366.99726 0.11951044011071363
374.5554 0.009048900703250037
379.89056 0.012408434885679921
379.89056 0.1123772165628995
418.12585 0.007709626783898891
425.68399 0.1062986227492188
459.02873 0.010374969149415299
469.25445 0.007164387857391231
471.92202 0.10832482068711237
484.81532 0.009142551298031163
487.0383 0.012101581494536577
502.59918 0.014687182878268127
502.59918 0.018549624451496736
512.8249 0.020776818671742622
512.8249 0.13113402033082852
515.49248 0.15191953905272304
520.38304 0.023471327012813625
538.16689 0.016758527487148928
538.16689 0.02069889386606008
540.83447 0.10427494182739715
540.83447 0.11598661761002917
543.50205 0.01031048453018877
543.50205 0.013799262577373387
551.06019 0.007616210902387894
566.62107 0.005731463343258959
579.51436 0.007988177239971663
589.74008 0.09669872345092556
602.18878 0.004843777755634348
625.3078 0.08965359546562854
640.86867 0.004750361874123349
666.21067 0.08807039235639245
668.87825 0.006805516021414138
673.76881 0.09722729682602822
679.10397 0.0036756098102066134
691.99726 0.13624356295682102
709.78112 0.09317741796631301
717.33926 0.004750361874123349
717.33926 0.07292047261952117
735.12312 0.0058251139380400855
763.57729 0.07344904599462385
766.24487 0.08710134116870423
771.13543 0.004563530111101353
781.36115 0.005279875011532425
784.02873 0.11343184629703293
794.25445 0.08560371660591333
794.25445 0.13721261414450922
809.37073 0.0075225603076067675
814.70588 0.011385236594105506
814.70588 0.06376105113381347
819.59644 0.013254258364135853
827.59918 0.007510941540781956
829.82216 0.015948766705206858
840.04788 0.016929868174342468
858.27633 0.056715923148516464
860.49932 0.014251085622370048
863.16689 0.009594139629757697
870.72503 0.008332555802818964
873.39261 0.011385236594105506
878.72777 0.00556012265606542
888.95349 0.05416366885159214
891.17647 0.06173737021199183
893.84405 0.004392189423907814
914.29549 0.00846571964590892
924.5212 0.004392189423907814
929.85636 0.06129689239940627
955.19836 0.002959264909775542
962.7565 0.05416366885159214
975.64979 0.007759987419793552
980.98495 0.0024140259832678814
983.65253 0.05768497433620469
1008.99453 0.007386418601276159
1019.22025 0.0024140259832678814
1026.77839 0.058213547711307365
1045.00684 0.05116841972601035
1047.22982 0.0012615838269387323
1062.7907 0.005601692037275579
1090.80027 0.0003581724502155359
1093.46785 0.05724449652361913
1116.58687 0.005601692037275579
1126.81259 0.0011681679454277343
1141.92886 0.008112700179477461
1149.487 0.011101250727616599
1152.15458 0.056715923148516464
1154.82216 0.0025074418647788796
1165.04788 0.004485605305418812
1180.60876 0.019692720140021523
1180.60876 0.02230739516289572
1185.49932 0.016351456832198474
1190.83447 0.005373290893043423
1190.83447 0.024942926244603397
1205.76835 0.0
1205.76835 0.0
1205.95075 0.02303367674109702
1208.61833 0.060239745649200926
1218.84405 0.017057189058313844
1223.73461 0.004843777755634348
1223.73461 0.02004543289970543
1236.62791 0.011225773667122397
1244.18605 0.007759987419793552
1246.85363 0.05768497433620469
1249.5212 0.002149269414563344
1254.78796 3.588468946349336e-05
1254.78796 0.00023362
1267.30506 0.010852204848605003
1269.97264 0.009192001224110223
1271.31783 9.415897149822616e-05
1271.31783 0.0006146700000000001
1274.8632 0.01467070385561776
1274.8632 0.060239745649200926
1282.86594 0.0007163449004310718
1291.26767 0.00014568570508683202
1291.26767 0.00095085
1297.98222 0.018136183396199053
1305.54036 0.021477446704022102
1323.76881 0.01934000738033761
1323.76881 0.06279451696219716
1328.65937 0.01361225886981848
1333.99453 0.00045158833172653415
1340.28728 0.0001358710891651928
1340.28728 0.0008853299999999999
1344.22025 0.00881843240559283
1356.66895 0.0014329245141322718
1356.81715 0.00011133454936109478
1356.81715 0.00072507
1372.77702 8.557118256679186e-05
1372.77702 0.00055769
1377.56498 0.06534677125912149
1379.78796 0.005124456338085872
1385.88691 5.919440227738648e-05
1385.88691 0.00038533
1402.90698 0.0030906838950736973
1405.83675 3.159079499777621e-05
1405.83675 0.00020513
1412.1067 8.846956133115093e-06
1412.1067 5.769e-05
1418.46785 0.055218298585725564
1420.69083 0.0010747520639167358
1438.91929 0.044563769553298896
1441.14227 0.0
1466.92886 0.0009034113767231965
1482.04514 0.0026134481958839904
1491.33607 5.02385652488907e-06
1491.33607 3.276e-05
1492.27086 0.033906723504800305
1500.2736 0.0011681679454277343
1535.84131 0.0025097813152116766
1536.9357 2.5231230587301548e-05
1536.9357 6.164805625779629e-05
1536.9357 0.00016453000000000003
1536.9357 0.00040171
1541.17647 0.023778250831404387
1561.62791 0.0011681679454277343
1563.15549 6.839560470392324e-05
1563.15549 0.00044657999999999997
1589.63748 0.013649778158008467
1605.19836 0.05416366885159214
1605.19836 0.10885339406221504
1607.42134 0.0009811014691356095
1610.08892 0.14126249300422444
1619.01505 3.8338343443903164e-05
1619.01505 5.6434041549425456e-05
1619.01505 0.00025
1619.01505 0.00036895
1625.64979 0.002987017014401383
1627.87278 0.035404348067591206
1638.39489 2.1408130979075526e-05
1638.39489 0.0001396
1656.32695 0.020256945346791837
1663.88509 0.0007163449004310718
1684.56452 5.680208964648693e-06
1684.56452 3.704e-05
1722.57182 0.0007163449004310718
1722.57182 0.0028624940748955855
1733.58413 1.7693912266230187e-05
1733.58413 0.00011538
1743.84405 5.152673358860585e-05
1743.84405 0.00033618
1763.27751 0.002720182144031817
1766.64387 9.691933222618719e-05
1766.64387 0.00063106
1783.17373 0.0001275900069813097
1783.17373 0.00083191
1786.59371 0.0005450042132375324
1786.59371 0.012154670611289487
1810.27911 0.0020037151817521547
1819.08345 0.00015335337377561265
1819.08345 0.001
1843.37207 0.0020037151817521547
1854.99316 0.00010366688067231415
1854.99316 0.00013433755542743668
1854.99316 0.00067593
1854.99316 0.0008767800000000001
1865.73187 0.006076076797608785
1871.06703 0.00018683176302199646
1895.64935 0.0016068366504208692
1907.43274 4.9686493103298494e-05
1907.43274 0.00032407000000000003
1932.42134 0.0009690511876882279
1942.65095 0.0007164669622796622
1945.31464 0.00018683176302199646
1963.29229 2.511928262444535e-06
1963.29229 1.638e-05
1989.65254 0.0
1991.10807 0.00045158833172653415
1996.44323 0.0
