50.0 0.2507347801918392
52.22298 0.3626334574853023
57.55814 0.01221612574862701
57.55814 0.1343933938846332
60.22572 0.01814027380617475
62.4487 0.055718783906203766
72.67442 0.09941893439283664
72.67442 0.3524179256692193
78.00958 0.14818613074483378
78.00958 0.47383517893920885
82.90014 0.3973442998250994
85.56772 0.623110471753526
93.12585 0.1977988747751029
93.12585 0.33683091872778753
93.12585 0.5620218376855229
101.12859 0.23791090780781407
108.68673 0.3626334574853023
116.24487 0.27316494181812856
116.24487 0.38323862040656437
116.24487 0.71501160123861
121.58003 0.43161261993866235
123.80301 0.4038386627605
126.47059 0.31201021338449864
142.03146 0.5120567326357366
144.25445 0.4007970457686437
149.5896 0.36675551418302
152.25718 0.3296672450382136
157.14774 0.6719829800729021
162.4829 0.28034429682810585
162.4829 0.36782571275422865
170.04104 0.34202829456404027
172.70862 0.36478409576237236
177.59918 0.33683091872778753
180.26676 0.3131841388146692
187.8249 0.24888742711468073
195.82763 0.6262965910510053
200.71819 0.3049400254192339
208.27633 0.3337841811686049
216.27907 0.2988465503008686
218.50205 0.218488272024629
218.50205 0.6326688296459642
221.16963 0.2161637959349145
226.50479 0.3101374012554866
238.95349 0.3708724503134113
241.62107 0.39864640749157365
246.95622 0.6140804653023784
251.84679 0.29257897589340714
251.84679 0.3101374012554866
251.84679 0.33898155700485766
257.18194 0.22102179495731114
259.40492 0.42444382568176203
259.40492 0.4543633005696681
262.0725 0.38538413811630806
262.0725 0.5317376937097326
269.63064 0.269823174695075
269.63064 0.28738160005715446
290.08208 0.2678517562744275
290.08208 0.4764929467953977
298.08482 0.39415818052762
302.97538 0.2977763517296599
305.64295 0.17837623899191787
308.31053 0.38126720198591674
310.53352 0.28541018163650683
310.53352 0.34507503212322294
328.76197 0.261584181866966
341.21067 0.24832191249170046
343.87825 0.15177736830088936
346.54583 0.3543156786593915
366.99726 0.2431296572227741
374.5554 0.30862928963749486
379.89056 0.1262299720289666
379.89056 0.2286179694198773
418.12585 0.26295090594046616
425.68399 0.21625179932672425
459.02873 0.10554369488157436
469.25445 0.24435453627201237
471.92202 0.22037385602444196
484.81532 0.3118234142598423
487.0383 0.41274654487120577
502.59918 0.5009332036175198
502.59918 0.6326688296459642
512.8249 0.2667764371358924
512.8249 0.708631357318783
515.49248 0.3090620821169516
520.38304 0.800532486803867
538.16689 0.571580195577961
538.16689 0.7059735894625943
540.83447 0.21213486319633296
540.83447 0.23596086296587376
543.50205 0.3516579108032027
543.50205 0.4706490596417295
551.06019 0.2597647866429868
566.62107 0.19548202795263628
579.51436 0.08126306007599267
589.74008 0.1967219555439973
602.18878 0.16520588930171404
625.3078 0.18238948759752302
640.86867 0.16201977000423465
666.21067 0.17916865074924423
668.87825 0.06923194624788641
673.76881 0.19779727468253233
679.10397 0.12536338743348557
691.99726 0.27717118880839786
709.78112 0.18955828185442333
717.33926 0.14834795601189926
717.33926 0.16201977000423465
735.12312 0.19867615257498372
763.57729 0.1494232751504343
766.24487 0.17719723232859666
771.13543 0.15564753140927587
781.36115 0.1800797829065299
784.02873 0.23076348712962105
794.25445 0.17415049476941402
794.25445 0.27914260722904544
809.37073 0.2565706620206394
814.70588 0.1297142115112848
814.70588 0.3883142933739518
819.59644 0.4520606952981437
827.59918 0.07640818115572987
829.82216 0.5439618247832276
840.04788 0.5774240827316294
858.27633 0.11538174356481053
860.49932 0.4860593100127039
863.16689 0.3272256593059487
870.72503 0.28419703814024083
873.39261 0.3883142933739518
878.72777 0.18963814079896804
888.95349 0.11018948829588415
891.17647 0.12559727538089346
893.84405 0.14980364425560763
914.29549 0.08612105909838931
924.5212 0.14980364425560763
929.85636 0.12470117609878092
955.19836 0.10093113593623156
962.7565 0.11018948829588415
975.64979 0.078941704088412
980.98495 0.08233476626777772
983.65253 0.11735316198545812
1008.99453 0.0751414196893888
1019.22025 0.08233476626777772
1026.77839 0.11842848112399317
1045.00684 0.10409601317751889
1047.22982 0.04302862116570785
1062.7907 0.05698554537254483
1090.80027 0.01221612574862701
1093.46785 0.11645706270334556
1116.58687 0.05698554537254483
1126.81259 0.039842501868228464
1141.92886 0.08252982154233374
1149.487 0.11293209673451927
1152.15458 0.11538174356481053
1154.82216 0.08552088556525711
1165.04788 0.15298976355308702
1180.60876 0.20033239770778505
1180.60876 0.22693126839881353
1185.49932 0.16634200506167776
1190.83447 0.18326590220400926
1190.83447 0.2537423060349435
1205.76835 0.0
1205.76835 0.0
1205.95075 0.23431967025175848
1208.61833 0.12255053782171083
1218.84405 0.17352136007165506
1223.73461 0.16520588930171404
1223.73461 0.20392051516170676
1236.62791 0.11419885820086034
1244.18605 0.078941704088412
1246.85363 0.11735316198545812
1249.5212 0.07330475981663011
1254.78796 0.00023362
1254.78796 0.0003650519496598634
1267.30506 0.11039857380183715
1269.97264 0.09350946095133425
1271.31783 0.0006146700000000001
1271.31783 0.0009578713550904107
1274.8632 0.12255053782171083
1274.8632 0.14924384536820723
1282.86594 0.02443225149725402
1291.26767 0.00095085
1291.26767 0.0014820485135763684
1297.98222 0.18449787937852172
1305.54036 0.218488272024629
1323.76881 0.12774791365796356
1323.76881 0.19674428025386329
1328.65937 0.13847637290430817
1333.99453 0.015402245046106402
1340.28728 0.0008853299999999999
1340.28728 0.001382205245293329
1344.22025 0.08970917655231105
1356.66895 0.04887250831937608
1356.81715 0.00072507
1356.81715 0.0011325970745857301
1372.77702 0.00055769
1372.77702 0.0008705084953427512
1377.56498 0.13294016892688995
1379.78796 0.05213066645228204
1385.88691 0.00038533
1385.88691 0.0006021797118320824
1402.90698 0.031441269202755924
1405.83675 0.00020513
1405.83675 0.0003213705197860336
1412.1067 5.769e-05
1412.1067 8.999934605075862e-05
1418.46785 0.11233500600562789
1420.69083 0.03665638257074907
1438.91929 0.09065964451315717
1441.14227 0.0
1466.92886 0.030812495417080844
1482.04514 0.026586390282493128
1491.33607 3.276e-05
1491.33607 5.1107272952380876e-05
1492.27086 0.06897916245336007
1500.2736 0.039842501868228464
1535.84131 0.025531795761253525
1536.9357 0.00016453000000000003
1536.9357 0.0002566752020407578
1536.9357 0.00040171
1536.9357 0.0006271405289028423
1541.17647 0.04837399953209803
1561.62791 0.039842501868228464
1563.15549 0.00044657999999999997
1563.15549 0.000695782775847432
1589.63748 0.027768836610835994
1605.19836 0.11018948829588415
1605.19836 0.22144917516297702
1607.42134 0.03346225794840164
1610.08892 0.28738160005715446
1619.01505 0.00025
1619.01505 0.00036895
1619.01505 0.0003900127667306233
1619.01505 0.0005740987926274775
1625.64979 0.030386674681516325
1627.87278 0.0720259000125427
1638.39489 0.0001396
1638.39489 0.00021778312894238006
1656.32695 0.04121032584252408
1663.88509 0.02443225149725402
1684.56452 3.704e-05
1684.56452 5.778429151880915e-05
1722.57182 0.02443225149725402
1722.57182 0.029119913215175257
1733.58413 0.00011538
1733.58413 0.00017999869210151724
1743.84405 0.00033618
1743.84405 0.0005241771584859578
1763.27751 0.027672185825071187
1766.64387 0.00063106
1766.64387 0.0009859522742950157
1783.17373 0.00083191
1783.17373 0.0012979624876795141
1786.59371 0.01858836434358579
1786.59371 0.02472721961897972
1810.27911 0.020383627240409295
1819.08345 0.001
1819.08345 0.0015600510669224932
1843.37207 0.020383627240409295
1854.99316 0.00067593
1854.99316 0.0008767800000000001
1854.99316 0.0010545945212396054
1854.99316 0.0013666047346241042
1865.73187 0.012361049525826681
1871.06703 0.006372238594958782
1895.64935 0.016346215079213883
1907.43274 0.00032407000000000003
1907.43274 0.0005054565456828878
1932.42134 0.0019714184206475857
1942.65095 0.007288558584661888
1945.31464 0.006372238594958782
1963.29229 1.638e-05
1963.29229 2.5553636476190438e-05
1989.65254 0.0
1991.10807 0.015402245046106402
1996.44323 0.0
