50.0 0.028441822135440952
52.22298 0.5570924360695836
57.55814 0.001385722696551288
57.55814 0.015244765812387302
60.22572 0.04402795337805809
62.4487 0.13523412305217775
72.67442 0.2412980231232272
72.67442 0.541398915828422
78.00958 0.05374896881315251
78.00958 0.3596600649703287
82.90014 0.04507231064437954
85.56772 0.07068184635089293
93.12585 0.06375232479297492
93.12585 0.4800743213625719
93.12585 0.5174535145180984
101.12859 0.5774295619247175
108.68673 0.5570924360695836
116.24487 0.08110654920568243
116.24487 0.5887469350422323
116.24487 0.6629940347865473
121.58003 0.6630610632218077
123.80301 0.6203935675886949
126.47059 0.75727473990468
142.03146 0.7866426186045886
144.25445 0.6157209104341835
149.5896 0.5634249091493505
152.25718 0.5064483842838202
157.14774 0.07622564521225965
162.4829 0.5650689922222342
162.4829 0.6804189265517541
170.04104 0.525437937096935
172.70862 0.5603963350677229
177.59918 0.5174535145180984
180.26676 0.48112635839093854
187.8249 0.6040704872745641
195.82763 0.0710432602651966
200.71819 0.46846141223140464
208.27633 0.5127729909374011
216.27907 0.45910036507001
218.50205 0.07176608809380396
218.50205 0.5302892093656512
221.16963 0.5246475125533614
226.50479 0.4764458348102412
238.95349 0.5697495158029314
241.62107 0.6124170114360443
246.95622 0.06965753756864532
251.84679 0.4494718594182898
251.84679 0.4764458348102412
251.84679 0.5207574135162377
257.18194 0.5364382802536772
259.40492 0.6520480665613435
259.40492 0.6980115947664096
262.0725 0.060317076456766844
262.0725 0.5920429676141854
269.63064 0.4145134614475019
269.63064 0.4414874368394533
290.08208 0.05405044976679277
290.08208 0.4114848873658743
298.08482 0.04471089673007586
302.97538 0.4574562819971264
305.64295 0.43293396880350554
308.31053 0.5857183609606046
310.53352 0.4384588627578256
310.53352 0.5301184606776324
328.76197 0.4018563817141541
341.21067 0.38148233789229524
343.87825 0.36837629722663157
346.54583 0.04019140665095675
366.99726 0.3735057817396447
374.5554 0.035009021703893715
379.89056 0.30637064152323634
379.89056 0.3512123299283907
418.12585 0.02982754483199224
425.68399 0.33221491068908987
459.02873 0.2561633262675561
469.25445 0.027718086231672028
471.92202 0.3385473837688568
484.81532 0.03537134369335896
487.0383 0.04681944725523451
502.59918 0.056822803235056916
502.59918 0.07176608809380396
512.8249 0.0803828133019135
512.8249 0.4098329378668046
515.49248 0.4747938853111716
520.38304 0.09080751615670302
538.16689 0.06483656653588594
538.16689 0.08008133234827326
540.83447 0.32589030403550895
540.83447 0.3624927850791805
543.50205 0.0398899256973165
543.50205 0.05338755489884884
551.06019 0.02946613091768856
566.62107 0.022174287370305308
579.51436 0.1972322060081739
589.74008 0.30221236121551087
602.18878 0.0187399471092588
625.3078 0.2801942343207684
640.86867 0.018378533194955124
666.21067 0.2752462522497455
668.87825 0.16803169203744944
673.76881 0.3038643107145805
679.10397 0.014220457030139692
691.99726 0.4258017830244778
709.78112 0.2912072309812327
717.33926 0.018378533194955124
717.33926 0.2278982330359354
735.12312 0.022536609359770556
763.57729 0.229550182535005
766.24487 0.2722176781681179
771.13543 0.017655705366347765
781.36115 0.020427150759450344
784.02873 0.3545083625003439
794.25445 0.2675371545874206
794.25445 0.4288303571061054
809.37073 0.029103808928223316
814.70588 0.04404800186213193
814.70588 0.19927230814491437
819.59644 0.05127900437369019
827.59918 0.18544901105525707
829.82216 0.0617037072284797
840.04788 0.0654994614038299
858.27633 0.17725418125017195
860.49932 0.05513559958486537
863.16689 0.03711848030421393
870.72503 0.03223757631079114
873.39261 0.04404800186213193
878.72777 0.021511392502361375
888.95349 0.16927762509752142
891.17647 0.1929477014913335
893.84405 0.016992810498403836
914.29549 0.20902297370848977
924.5212 0.016992810498403836
929.85636 0.19157107690877545
955.19836 0.011449011637037116
962.7565 0.16927762509752142
975.64979 0.1915980819432831
980.98495 0.009339553036716904
983.65253 0.1802827553317996
1008.99453 0.18237447561124406
1019.22025 0.009339553036716904
1026.77839 0.18193470483086926
1045.00684 0.15991657793612682
1047.22982 0.004880903993422787
1062.7907 0.13830865849619076
1090.80027 0.001385722696551288
1093.46785 0.17890613074924158
1116.58687 0.13830865849619076
1126.81259 0.004519490079119109
1141.92886 0.2003067414521869
1149.487 0.27409559210849893
1152.15458 0.17725418125017195
1154.82216 0.009700966951020584
1165.04788 0.017354224412707512
1180.60876 0.4862233922505979
1180.60876 0.5507810638274718
1185.49932 0.403725882085382
1190.83447 0.02078856467375402
1190.83447 0.615853682227481
1205.76835 0.0
1205.76835 0.0
1205.95075 0.5687133296684147
1208.61833 0.18826717791063619
1218.84405 0.4211507738505887
1223.73461 0.0187399471092588
1223.73461 0.49493205175950167
1236.62791 0.2771701275525119
1244.18605 0.1915980819432831
1246.85363 0.1802827553317996
1249.5212 0.008315244254469296
1254.78796 0.00023362
1254.78796 0.0008860114456884756
1267.30506 0.2679465212204729
1269.97264 0.2269552395494326
1271.31783 0.0006146700000000001
1271.31783 0.002324833451507367
1274.8632 0.18826717791063619
1274.8632 0.36222722633860555
1282.86594 0.002771445393102576
1291.26767 0.00095085
1291.26767 0.00359705501454723
1297.98222 0.4477916992004353
1305.54036 0.5302892093656512
1323.76881 0.19625160048947277
1323.76881 0.47751473274169404
1328.65937 0.33609367506449506
1333.99453 0.001747136610854966
1340.28728 0.0008853299999999999
1340.28728 0.003354727097777732
1344.22025 0.21773163321739358
1356.66895 0.005543798861366719
1356.81715 0.00072507
1356.81715 0.0027489073058539885
1372.77702 0.00055769
1372.77702 0.002112796524334057
1377.56498 0.20422815664212332
1379.78796 0.12652546354327393
1385.88691 0.00038533
1385.88691 0.0014615402480160323
1402.90698 0.0763105755401946
1405.83675 0.00020513
1405.83675 0.0007799929821018204
1412.1067 5.769e-05
1412.1067 0.00021843589872550494
1418.46785 0.17257365766947463
1420.69083 0.0041580761648154305
1438.91929 0.13927507562394242
1441.14227 0.0
1466.92886 0.0034951812968714996
1482.04514 0.06452738058727778
1491.33607 3.276e-05
1491.33607 0.00012404160239638657
1492.27086 0.10596862715222413
1500.2736 0.004519490079119109
1535.84131 0.06196779196639996
1536.9357 0.00016453000000000003
1536.9357 0.00040171
1536.9357 0.000622972064782585
1536.9357 0.0015221222272084067
1541.17647 0.07431412817957549
1561.62791 0.004519490079119109
1563.15549 0.00044657999999999997
1563.15549 0.0016887226699874365
1589.63748 0.04265962920692684
1605.19836 0.16927762509752142
1605.19836 0.34019933326792645
1607.42134 0.003795754175350186
1610.08892 0.4414874368394533
1619.01505 0.00025
1619.01505 0.00036895
1619.01505 0.00094659342488085
1619.01505 0.0013933855214246112
1625.64979 0.07375098691931678
1627.87278 0.11064915073292145
1638.39489 0.0001396
1638.39489 0.0005285777684534667
1656.32695 0.06330899794529729
1663.88509 0.002771445393102576
1684.56452 3.704e-05
1684.56452 0.00014024728183034674
1722.57182 0.002771445393102576
1722.57182 0.07067645147530378
1733.58413 0.00011538
1733.58413 0.0004368717974510099
1743.84405 0.00033618
1743.84405 0.0012722215630398624
1763.27751 0.06716269668214607
1766.64387 0.00063106
1766.64387 0.0023929881780987887
1783.17373 0.00083191
1783.17373 0.0031502629180034684
1786.59371 0.0021085505251586443
1786.59371 0.03798697205241559
1810.27911 0.04947275875797274
1819.08345 0.001
1819.08345 0.0037863736995234
1843.37207 0.04947275875797274
1854.99316 0.00067593
1854.99316 0.0008767800000000001
1854.99316 0.0025595886208778186
1854.99316 0.0033168633607824983
1865.73187 0.01898955281311477
1871.06703 0.000722827828607356
1895.64935 0.039673623623606186
1907.43274 0.00032407000000000003
1907.43274 0.0012267850786455816
1932.42134 0.0030285740816276665
1942.65095 0.017689937924173324
1945.31464 0.000722827828607356
1963.29229 1.638e-05
1963.29229 6.202080119819329e-05
1989.65254 0.0
1991.10807 0.001747136610854966
1996.44323 0.0
