50.0 0.23087281991581468
52.22298 0.5710970104042026
57.55814 0.011248425120255841
57.55814 0.12374741868863373
60.22572 0.02117837521318159
62.4487 0.0650504686200545
72.67442 0.11606944406481222
72.67442 0.5550089756147197
78.00958 0.1730040853757906
78.00958 0.43630031642722367
82.90014 0.3658686637247043
85.56772 0.5737507641450551
93.12585 0.23092588521493757
93.12585 0.5175012673608661
93.12585 0.5304616182717696
101.12859 0.2777558115549208
108.68673 0.5710970104042026
116.24487 0.3189141296721789
116.24487 0.6035472620297059
116.24487 0.6583719439488146
121.58003 0.6797295500779486
123.80301 0.6359894494773697
126.47059 0.364265139545607
142.03146 0.8064177839339762
144.25445 0.6311993278408019
149.5896 0.5775886735648711
152.25718 0.5191798334745332
157.14774 0.6187518358089882
162.4829 0.32729587053312337
162.4829 0.5792740867332932
170.04104 0.5386467587786995
172.70862 0.5744839650967253
177.59918 0.5304616182717696
180.26676 0.4932212450096986
187.8249 0.29057065916413527
195.82763 0.5766844949431297
200.71819 0.4802379186883616
208.27633 0.5256634324573625
216.27907 0.47064154705954725
218.50205 0.25508030661820674
218.50205 0.5825519565392788
221.16963 0.252366531328592
226.50479 0.48842305919529144
238.95349 0.5840722725477003
241.62107 0.6278123731482792
246.95622 0.5654360698228739
251.84679 0.46077099338419536
251.84679 0.48842305919529144
251.84679 0.5338485729642923
257.18194 0.2580381395513171
259.40492 0.6684397011028729
259.40492 0.7155586922181351
262.0725 0.489616082413338
262.0725 0.6069261525443892
269.63064 0.4249337870661694
269.63064 0.4525858528772655
290.08208 0.42182907859802365
290.08208 0.4387475491532557
298.08482 0.36293493292662965
302.97538 0.46895613389112517
305.64295 0.20825038027822354
308.31053 0.6004425535615601
310.53352 0.4494811444091197
310.53352 0.5434449445931067
328.76197 0.41195852492267176
341.21067 0.39107230431878176
343.87825 0.17719677713196053
346.54583 0.3262485555848778
366.99726 0.3828952279896913
374.5554 0.2841812147190193
379.89056 0.14737074750596624
379.89056 0.36004134799300236
418.12585 0.24212124503607052
425.68399 0.3405663585109968
459.02873 0.1232199687540925
469.25445 0.22499798713675578
471.92202 0.34705802167166533
484.81532 0.28712231670000365
487.0383 0.3800508196430347
502.59918 0.46125177057667716
502.59918 0.5825519565392788
512.8249 0.42013560125176225
512.8249 0.6524971111697556
515.49248 0.4867295818490301
520.38304 0.7371182909735152
538.16689 0.5263024597550898
538.16689 0.6500498784437236
540.83447 0.3340827595281677
540.83447 0.3716053790146156
543.50205 0.3238013228588458
543.50205 0.4333665856291491
551.06019 0.23918751423799595
566.62107 0.17999691547282268
579.51436 0.09487285559465336
589.74008 0.30980958423175503
602.18878 0.15211910170820434
625.3078 0.287237950459443
640.86867 0.14918537091012973
666.21067 0.2821655825984983
668.87825 0.08082679181377474
673.76881 0.3115030615780163
679.10397 0.11543272436645248
691.99726 0.43650588226562204
709.78112 0.2985277994345187
717.33926 0.14918537091012973
717.33926 0.23362729618351227
735.12312 0.18293801745380703
763.57729 0.23532077352977362
766.24487 0.2790608741303525
771.13543 0.14331790931398056
781.36115 0.16581475955449226
784.02873 0.36342023850768573
794.25445 0.2742626883159453
794.25445 0.4396105907337678
809.37073 0.23624641225701162
814.70588 0.20428175302615484
814.70588 0.35755396940252304
819.59644 0.416250698912744
827.59918 0.0892048900233237
829.82216 0.5008718787165036
840.04788 0.5316834232791966
858.27633 0.18171011925384287
860.49932 0.44755611273038926
863.16689 0.3013044726183341
870.72503 0.2616843644785076
873.39261 0.35755396940252304
878.72777 0.17461595194871601
888.95349 0.17353304292475233
891.17647 0.19779815404332568
893.84405 0.1379369457898739
914.29549 0.10054446381737844
924.5212 0.1379369457898739
929.85636 0.19638692292144122
955.19836 0.0929358741259408
962.7565 0.17353304292475233
975.64979 0.09216272295643403
980.98495 0.07581261622662604
983.65253 0.18481482772198868
1008.99453 0.08772597355676853
1019.22025 0.07581261622662604
1026.77839 0.18650830506825003
1045.00684 0.16393667129593803
1047.22982 0.03962010813982644
1062.7907 0.06652938508660966
1090.80027 0.011248425120255841
1093.46785 0.18340359660010422
1116.58687 0.06652938508660966
1126.81259 0.036686377341751855
1141.92886 0.09635177206120853
1149.487 0.13184576725853245
1152.15458 0.18171011925384287
1154.82216 0.07874634702470062
1165.04788 0.1408706765879485
1180.60876 0.2338837181480479
1180.60876 0.2649373212943109
1185.49932 0.19420067384594947
1190.83447 0.16874849035256684
1190.83447 0.2962386247354649
1205.76835 0.0
1205.76835 0.0
1205.95075 0.27356311979875086
1208.61833 0.19299996822891852
1218.84405 0.20258241470689387
1223.73461 0.15211910170820434
1223.73461 0.23807276725282236
1236.62791 0.13332468372508763
1244.18605 0.09216272295643403
1246.85363 0.18481482772198868
1249.5212 0.06749792190444479
1254.78796 0.00023362
1254.78796 0.00042619021326836023
1267.30506 0.12888793432542212
1269.97264 0.10917026232181844
1271.31783 0.0006146700000000001
1271.31783 0.0011182939784050135
1274.8632 0.1742389441988502
1274.8632 0.19299996822891852
1282.86594 0.022496850240511682
1291.26767 0.00095085
1291.26767 0.0017302594128416333
1297.98222 0.21539726231610834
1305.54036 0.25508030661820674
1323.76881 0.20118510873584838
1323.76881 0.2296946690432734
1328.65937 0.1616681542331313
1333.99453 0.014182155918330433
1340.28728 0.0008853299999999999
1340.28728 0.001613694568187039
1344.22025 0.10473351292215292
1356.66895 0.04500107166393311
1356.81715 0.00072507
1356.81715 0.0013222824565505534
1372.77702 0.00055769
1372.77702 0.0010162997393322437
1377.56498 0.20936218506493892
1379.78796 0.06086141951528002
1385.88691 0.00038533
1385.88691 0.0007030317193230216
1402.90698 0.03670699811201082
1405.83675 0.00020513
1405.83675 0.00037519309373197526
1412.1067 5.769e-05
1412.1067 0.00010507227950193035
1418.46785 0.1769119334394357
1420.69083 0.03375264654367726
1438.91929 0.1427762686455105
1441.14227 0.0
1466.92886 0.028371683019570604
1482.04514 0.03103903254068117
1491.33607 3.276e-05
1491.33607 5.966662985757043e-05
1492.27086 0.10863253967374593
1500.2736 0.036686377341751855
1535.84131 0.029807816369017023
1536.9357 0.00016453000000000003
1536.9357 0.0002996627170471936
1536.9357 0.00040171
1536.9357 0.0007321729304866701
1541.17647 0.07618228804824273
1561.62791 0.036686377341751855
1563.15549 0.00044657999999999997
1563.15549 0.0008123112611867037
1589.63748 0.04373203642273953
1605.19836 0.17353304292475233
1605.19836 0.34875149901792674
1607.42134 0.030811544562692934
1610.08892 0.4525858528772655
1619.01505 0.00025
1619.01505 0.00036895
1619.01505 0.0004553314244320088
1619.01505 0.000670247856763917
1625.64979 0.035475781940346666
1627.87278 0.1134307254881531
1638.39489 0.0001396
1638.39489 0.0002542570674028337
1656.32695 0.06490050325100641
1663.88509 0.022496850240511682
1684.56452 3.704e-05
1684.56452 6.746190384384642e-05
1722.57182 0.022496850240511682
1722.57182 0.0339968654737915
1733.58413 0.00011538
1733.58413 0.0002101445590038607
1743.84405 0.00033618
1743.84405 0.0006119654344366198
1763.27751 0.03230667522629989
1766.64387 0.00063106
1766.64387 0.0011510778409641181
1783.17373 0.00083191
1783.17373 0.001515342980509725
1786.59371 0.017115886716405026
1786.59371 0.03894191478617171
1810.27911 0.023797441566514508
1819.08345 0.001
1819.08345 0.0018213256977280352
1843.37207 0.023797441566514508
1854.99316 0.00067593
1854.99316 0.0008767800000000001
1854.99316 0.001231216171664152
1854.99316 0.0015954813112097589
1865.73187 0.01946692530416619
1871.06703 0.005867461596149181
1895.64935 0.019083850660794353
1907.43274 0.00032407000000000003
1907.43274 0.0005901095260638833
1932.42134 0.0031047084681458084
1942.65095 0.008509233659785379
1945.31464 0.005867461596149181
1963.29229 1.638e-05
1963.29229 2.9833314928785216e-05
1989.65254 0.0
1991.10807 0.014182155918330433
1996.44323 0.0
