50.0 0.3074412336544963
52.22298 0.0170302173399393
57.55814 0.01497893817428439
57.55814 0.1647879515530055
60.22572 0.05686304715468367
62.4487 0.17465777366500532
72.67442 0.01655046919900002
72.67442 0.31164157800771247
78.00958 0.46450869651952975
78.00958 0.5809982637849889
82.90014 0.4872081233817862
85.56772 0.7640338208858284
93.12585 0.015818462511772366
93.12585 0.620026294181488
93.12585 0.6891293141964678
101.12859 0.7457626777763647
108.68673 0.0170302173399393
116.24487 0.01799788978061081
116.24487 0.8562710317152658
116.24487 0.876719410820812
121.58003 0.02026965954875787
123.80301 0.01896532174602371
126.47059 0.978036586767865
142.03146 0.02404752586161807
144.25445 0.018822479442405695
149.5896 0.017223799923125324
152.25718 0.01548203762496833
157.14774 0.8239593894009046
162.4829 0.017274059252176108
162.4829 0.8787756535767944
170.04104 0.01606254489926779
172.70862 0.017131216948558094
177.59918 0.015818462511772366
180.26676 0.014707947767482844
187.8249 0.7801700048988582
195.82763 0.7679405164253862
200.71819 0.014320782601110794
208.27633 0.01567537973289574
216.27907 0.014034617043357537
218.50205 0.6848799002500652
218.50205 0.7757539075045017
221.16963 0.6775935276786446
226.50479 0.014564864988606216
238.95349 0.017417142031052737
241.62107 0.0187214798337869
246.95622 0.7529615782511019
251.84679 0.013740275326811333
251.84679 0.014564864988606216
251.84679 0.01591946212039116
257.18194 0.6928215573346203
259.40492 0.019932994186695217
259.40492 0.02133809112278956
262.0725 0.01809864891397099
262.0725 0.6519960749347917
269.63064 0.012671603277521024
269.63064 0.013496192939315909
290.08208 0.012579020302953797
290.08208 0.5842571153405999
298.08482 0.4833014278422284
302.97538 0.013984357714306755
305.64295 0.5591435166551884
308.31053 0.017905306806043582
310.53352 0.013403609964748679
310.53352 0.01620562767814442
328.76197 0.012284678586407591
341.21067 0.011661847666591682
343.87825 0.4757658976332279
346.54583 0.4344481019618789
366.99726 0.011418005754354876
374.5554 0.3784292289863605
379.89056 0.010736498871436618
379.89056 0.3956842619086751
418.12585 0.3224201718287807
425.68399 0.010155751121878541
459.02873 0.3308404362059657
469.25445 0.2996180267574422
471.92202 0.010349333705064568
484.81532 0.3823457403438569
487.0383 0.5060937570956284
502.59918 0.6142248075071074
502.59918 0.7757539075045017
512.8249 0.012528520498644396
512.8249 0.8688962039237578
515.49248 0.014514365184296819
520.38304 0.9815817938587412
538.16689 0.7008494008151412
538.16689 0.8656373523681468
540.83447 0.009962409013951134
540.83447 0.011081340392292222
543.50205 0.4311892504062679
543.50205 0.5770915682454312
551.06019 0.31851347628922294
566.62107 0.239692458242366
579.51436 0.25472962902369045
589.74008 0.00923857848551643
602.18878 0.20256903479862842
625.3078 0.00856548823664974
640.86867 0.19866233925907062
666.21067 0.008414229298980162
668.87825 0.21701653823792155
673.76881 0.009289078289825827
679.10397 0.15371570891827888
691.99726 0.013016685273635245
709.78112 0.008902153598712393
717.33926 0.006966808717369371
717.33926 0.19866233925907062
735.12312 0.24360896959986242
763.57729 0.007017308521678769
766.24487 0.008321646324412933
771.13543 0.19084894817995504
781.36115 0.22080682452852385
784.02873 0.010837258004796799
794.25445 0.008178563545536305
794.25445 0.013109268248202473
809.37073 0.31459696493172656
814.70588 0.006091719251265089
814.70588 0.4761358807470596
819.59644 0.5542992389920312
827.59918 0.23951137973358244
829.82216 0.6669848289270146
840.04788 0.70801494791031
858.27633 0.0054186290023983995
860.49932 0.5959870177772119
863.16689 0.4012313740576991
870.72503 0.3484713526377917
873.39261 0.4761358807470596
878.72777 0.2325269111471972
888.95349 0.005174787090161592
891.17647 0.00589837714333768
893.84405 0.18368340108478623
914.29549 0.2699576586796661
924.5212 0.18368340108478623
929.85636 0.005856293973079848
955.19836 0.1237578325697101
962.7565 0.005174787090161592
975.64979 0.24745303681813752
980.98495 0.10095568749837153
983.65253 0.005511211976965629
1008.99453 0.2355405511913049
1019.22025 0.10095568749837153
1026.77839 0.005561711781275027
1045.00684 0.004888621532408337
1047.22982 0.05276002141990734
1062.7907 0.17862860220728285
1090.80027 0.01497893817428439
1093.46785 0.005469128806707797
1116.58687 0.17862860220728285
1126.81259 0.04885332588034955
1141.92886 0.258700457565968
1149.487 0.35400034258062874
1152.15458 0.0054186290023983995
1154.82216 0.10486238303792932
1165.04788 0.18759009662434403
1180.60876 0.6279679512660431
1180.60876 0.7113455702880035
1185.49932 0.5214206455035518
1190.83447 0.22471352006808162
1190.83447 0.7953882541889662
1205.76835 0.0
1205.76835 0.0
1205.95075 0.7345054766626666
1208.61833 0.005755294364461052
1218.84405 0.5439252673650804
1223.73461 0.20256903479862842
1223.73461 0.6392153720138735
1236.62791 0.3579711711229063
1244.18605 0.24745303681813752
1246.85363 0.005511211976965629
1249.5212 0.08988344486364493
1254.78796 0.00023362
1254.78796 0.001144302806518402
1267.30506 0.34605868549607366
1269.97264 0.2931175650543292
1271.31783 0.0006146700000000001
1271.31783 0.003002572321377345
1274.8632 0.005755294364461052
1274.8632 0.46782424054867283
1282.86594 0.02995787634856878
1291.26767 0.00095085
1291.26767 0.004645673787147359
1297.98222 0.5783325944875739
1305.54036 0.6848799002500652
1323.76881 0.005999376751956476
1323.76881 0.6167205305182126
1328.65937 0.43407219793931384
1333.99453 0.018885633713842182
1340.28728 0.0008853299999999999
1340.28728 0.004332702079381642
1344.22025 0.28120507942749656
1356.66895 0.059925568515076154
1356.81715 0.00072507
1356.81715 0.00355027280996735
1372.77702 0.00055769
1372.77702 0.0027287220770823434
1377.56498 0.006243218664193284
1379.78796 0.1634103529171749
1385.88691 0.00038533
1385.88691 0.0018876106124619794
1402.90698 0.09855674684859775
1405.83675 0.00020513
1405.83675 0.001007377684370901
1412.1067 5.769e-05
1412.1067 0.0002821146534531906
1418.46785 0.005275546223521771
1420.69083 0.04494663034079176
1438.91929 0.00425761445379948
1441.14227 0.0
1466.92886 0.03778108324562295
1482.04514 0.08333849755848977
1491.33607 3.276e-05
1491.33607 0.00016020239291257628
1492.27086 0.00323944220881857
1500.2736 0.04885332588034955
1535.84131 0.0800327338952144
1536.9357 0.00016453000000000003
1536.9357 0.00040171
1536.9357 0.0008045817981045841
1536.9357 0.0019658535394034087
1541.17647 0.002271769768147059
1561.62791 0.04885332588034955
1563.15549 0.00044657999999999997
1563.15549 0.002181021588492339
1589.63748 0.001304097327475548
1605.19836 0.005174787090161592
1605.19836 0.010399833509373967
1607.42134 0.04103011898329538
1610.08892 0.013496192939315909
1619.01505 0.00025
1619.01505 0.00036895
1619.01505 0.0012225457334598313
1619.01505 0.0017995873196528715
1625.64979 0.09525098318532238
1627.87278 0.003382524987695198
1638.39489 0.0001396
1638.39489 0.0006826695375639698
1656.32695 0.001935344881343022
1663.88509 0.02995787634856878
1684.56452 3.704e-05
1684.56452 0.0001811323758694086
1722.57182 0.02995787634856878
1722.57182 0.09128015464304484
1733.58413 0.00011538
1733.58413 0.0005642293069063812
1743.84405 0.00033618
1743.84405 0.0016431014657700132
1763.27751 0.08674206488044195
1766.64387 0.00063106
1766.64387 0.0030905956141864532
1783.17373 0.00083191
1783.17373 0.004068632200954318
1786.59371 0.0011612550238575365
1786.59371 0.02279232925339997
1810.27911 0.06389513021354462
1819.08345 0.001
1819.08345 0.004890182933839325
1843.37207 0.06389513021354462
1854.99316 0.00067593
1854.99316 0.0008767800000000001
1854.99316 0.003305763663275384
1854.99316 0.004283800250043249
1865.73187 0.0005805072742994602
1871.06703 0.00781339107911558
1895.64935 0.051239336780768446
1907.43274 0.00032407000000000003
1907.43274 0.0015844192705639411
1932.42134 9.258297456722957e-05
1942.65095 0.022846934666897325
1945.31464 0.00781339107911558
1963.29229 1.638e-05
1963.29229 8.010119645628814e-05
1989.65254 0.0
1991.10807 0.018885633713842182
1996.44323 0.0
