50.0 0.17482089846123933
52.22298 0.6619117859425209
57.55814 0.008517502348323847
57.55814 0.09370368900633078
60.22572 0.01987343802369701
62.4487 0.0610422869327797
72.67442 0.10891765207896138
72.67442 0.6432654620329016
78.00958 0.16234418051212002
78.00958 0.33037415727214187
82.90014 0.27704208981589395
85.56772 0.4344540172257427
93.12585 0.21669704222777295
93.12585 0.3918609238967392
93.12585 0.6148146299622845
101.12859 0.2606414727803441
108.68673 0.6619117859425209
116.24487 0.29926375971356606
116.24487 0.4985306403966193
116.24487 0.6995222157231265
121.58003 0.7878188683417597
123.80301 0.7371232989754565
126.47059 0.341820399444393
142.03146 0.9346528275498396
144.25445 0.7315714611798104
149.5896 0.669435741204297
152.25718 0.6017388369048622
157.14774 0.4685296082064223
162.4829 0.30712904710478156
162.4829 0.6713891656138763
170.04104 0.6243013561619154
172.70862 0.6658373278182302
177.59918 0.6148146299622845
180.26676 0.5716523623860329
187.8249 0.2726667144327979
195.82763 0.4366754890046633
200.71819 0.5566044518624805
208.27633 0.6092534456383629
216.27907 0.5454820832146374
218.50205 0.23936315291493065
218.50205 0.44111843256250455
221.16963 0.23681659093906995
226.50479 0.5660911780621114
238.95349 0.6769503499377978
241.62107 0.727645919304101
246.95622 0.4281579866563395
251.84679 0.5340419326054273
251.84679 0.5660911780621114
251.84679 0.6187401718379938
257.18194 0.24213873455841914
259.40492 0.7747337287560621
259.40492 0.8293454934697991
262.0725 0.3707457788222247
262.0725 0.7034384110705603
269.63064 0.4925059609491124
269.63064 0.5245552064057964
290.08208 0.3322272442837038
290.08208 0.48890754756304566
298.08482 0.27482061803697333
302.97538 0.5435286588050582
305.64295 0.1954187223623595
308.31053 0.6959238023370595
310.53352 0.5209567930197295
310.53352 0.6298625404858369
328.76197 0.47746739695383555
341.21067 0.4532598887202947
343.87825 0.16627853330972497
346.54583 0.24704105762569692
366.99726 0.44378250904893934
374.5554 0.21518693842393793
379.89056 0.13829027900321808
379.89056 0.41729444791617687
418.12585 0.18333840080956318
425.68399 0.3947225821308482
459.02873 0.11562758652005484
469.25445 0.17037237331601385
471.92202 0.40224653739262445
484.81532 0.2174139917902428
487.0383 0.28778106394313846
502.59918 0.34926783056773575
502.59918 0.44111843256250455
512.8249 0.48694477662519087
512.8249 0.49408211525139384
515.49248 0.5641284071242567
520.38304 0.5581587384222705
538.16689 0.3985253392335011
538.16689 0.4922290282398319
540.83447 0.3872079733973475
540.83447 0.43069736946324155
543.50205 0.24518797061413497
543.50205 0.32815268549322124
551.06019 0.18111692903064255
566.62107 0.13629678233533424
579.51436 0.08902712303529217
589.74008 0.35907492328809737
602.18878 0.11518721884820396
625.3078 0.33291399064497734
640.86867 0.11296574706928332
666.21067 0.32703502435968884
668.87825 0.07584652843271637
673.76881 0.36103769422595205
679.10397 0.08740765843692755
691.99726 0.5059182290244527
709.78112 0.34599913023067513
717.33926 0.11296574706928332
717.33926 0.270778270669464
735.12312 0.1385238357016391
763.57729 0.2727410416073187
766.24487 0.32343661097362203
771.13543 0.10852280351144204
781.36115 0.12555780820808976
784.02873 0.4212106432636107
794.25445 0.3178754266497005
794.25445 0.5095166424105195
809.37073 0.1788898756643377
814.70588 0.23676625427492534
814.70588 0.27074605924649076
819.59644 0.3151922395870561
827.59918 0.08370839761993741
829.82216 0.3792688627579328
840.04788 0.4025998980239837
858.27633 0.21060532163180534
860.49932 0.33889724120785
863.16689 0.2281529659174873
870.72503 0.19815193372729023
873.39261 0.27074605924649076
878.72777 0.13222222354485164
888.95349 0.20112794196044997
891.17647 0.22925164554142466
893.84405 0.10444824472095947
914.29549 0.09434926665464136
924.5212 0.10444824472095947
929.85636 0.22761600309321242
955.19836 0.07037265374027986
962.7565 0.20112794196044997
975.64979 0.08648397926342588
980.98495 0.05740662624673052
983.65253 0.21420373501787224
1008.99453 0.08232060679819317
1019.22025 0.05740662624673052
1026.77839 0.21616650595572692
1045.00684 0.1900055733126069
1047.22982 0.03000103219019704
1062.7907 0.06243007775452394
1090.80027 0.008517502348323847
1093.46785 0.21256809256966
1116.58687 0.06243007775452394
1126.81259 0.027779560411276404
1141.92886 0.0904149138570364
1149.487 0.12372189357889805
1152.15458 0.21060532163180534
1154.82216 0.05962809802565115
1165.04788 0.10666971649988011
1180.60876 0.21947262387126143
1180.60876 0.24861281292389592
1185.49932 0.18223470955578924
1190.83447 0.12777927998701039
1190.83447 0.27798543984815266
1205.76835 0.0
1205.76835 0.0
1205.95075 0.25670711998273915
1208.61833 0.2236904612175031
1218.84405 0.19009999694700472
1223.73461 0.11518721884820396
1223.73461 0.22340355846487195
1236.62791 0.1251096844006423
1244.18605 0.08648397926342588
1246.85363 0.21420373501787224
1249.5212 0.05111059567732731
1254.78796 0.00023362
1254.78796 0.00039992986734993985
1267.30506 0.12094631193540957
1269.97264 0.1024435737134846
1271.31783 0.0006146700000000001
1271.31783 0.0010493886262942865
1274.8632 0.16350295166623652
1274.8632 0.2236904612175031
1282.86594 0.017035004696647694
1291.26767 0.00095085
1291.26767 0.001623646897360867
1297.98222 0.20212523859945847
1305.54036 0.23936315291493065
1323.76881 0.21554168927765088
1323.76881 0.23317718741713397
1328.65937 0.1517067296814105
1333.99453 0.010738974127244484
1340.28728 0.0008853299999999999
1340.28728 0.0015142643695386611
1344.22025 0.09828020124825187
1356.66895 0.03407559098067961
1356.81715 0.00072507
1356.81715 0.0012408080499831467
1372.77702 0.00055769
1372.77702 0.0009536789144498565
1377.56498 0.24265456708848937
1379.78796 0.05711135233916919
1385.88691 0.00038533
1385.88691 0.0006597133709276786
1402.90698 0.03444524165201148
1405.83675 0.00020513
1405.83675 0.00035207501142772485
1412.1067 5.769e-05
1412.1067 9.859809421973516e-05
1418.46785 0.2050441373078838
1420.69083 0.025558088632355765
1438.91929 0.1654802831176991
1441.14227 0.0
1466.92886 0.021483529841873194
1482.04514 0.029126516236656727
1491.33607 3.276e-05
1491.33607 5.599018142899158e-05
1492.27086 0.1259070823992389
1500.2736 0.027779560411276404
1535.84131 0.02797116328653468
1536.9357 0.00016453000000000003
1536.9357 0.0002811985516029299
1536.9357 0.00040171
1536.9357 0.00068705900288323
1541.17647 0.08829665261863334
1561.62791 0.027779560411276404
1563.15549 0.00044657999999999997
1563.15549 0.0007622594907609965
1589.63748 0.0506862228380278
1605.19836 0.20112794196044997
1605.19836 0.40420930833047913
1607.42134 0.023331035266050903
1610.08892 0.5245552064057964
1619.01505 0.00025
1619.01505 0.00036895
1619.01505 0.0004272754993054913
1619.01505 0.0006289495349776832
1625.64979 0.03328988870188944
1627.87278 0.13146826672316045
1638.39489 0.0001396
1638.39489 0.00023859063881218634
1656.32695 0.07522085956121109
1663.88509 0.017035004696647694
1684.56452 3.704e-05
1684.56452 6.330513797710159e-05
1722.57182 0.017035004696647694
1722.57182 0.0319020978801452
1733.58413 0.00011538
1733.58413 0.00019719618843947031
1743.84405 0.00033618
1743.84405 0.0005742582710665803
1763.27751 0.03031605122672322
1766.64387 0.00063106
1766.64387 0.001080152462244282
1783.17373 0.00083191
1783.17373 0.001421972861688675
1786.59371 0.012960445906165121
1786.59371 0.04513438504238175
1810.27911 0.022331126695702197
1819.08345 0.001
1819.08345 0.0017091019972219651
1843.37207 0.022331126695702197
1854.99316 0.00067593
1854.99316 0.0008767800000000001
1854.99316 0.0011553529501220484
1854.99316 0.0014971733495664414
1865.73187 0.02256251925705313
1871.06703 0.004442943557841273
1895.64935 0.01790797072689175
1907.43274 0.00032407000000000003
1907.43274 0.0005537490470999167
1932.42134 0.0035984133860668824
1942.65095 0.00798492453102102
1945.31464 0.004442943557841273
1963.29229 1.638e-05
1963.29229 2.799509071449579e-05
1989.65254 0.0
1991.10807 0.010738974127244484
1996.44323 0.0
