50.0 0.11837740474649833
52.22298 0.12095661216606218
57.55814 0.005767501664798584
57.55814 0.06345007729268587
60.22572 0.03127077517481952
62.4487 0.09604979413001839
72.67442 0.11754921526309413
72.67442 0.17138148953740096
78.00958 0.2237080101831115
78.00958 0.2554479181549498
82.90014 0.18759498370398278
85.56772 0.29418415929418573
93.12585 0.1123501595374627
93.12585 0.26534287148024205
93.12585 0.3409719284842937
101.12859 0.4101183140445757
108.68673 0.12095661216606218
116.24487 0.1278294768966604
116.24487 0.3375727039284503
116.24487 0.4708903279249138
121.58003 0.14396465411086545
123.80301 0.13470063365888618
126.47059 0.5378530301826543
142.03146 0.17079683724150607
144.25445 0.13368610044567164
149.5896 0.12233152670585631
152.25718 0.10996071178445402
157.14774 0.3172579454433308
162.4829 0.12268849209569106
162.4829 0.4832663261494167
170.04104 0.11408374743546398
172.70862 0.12167395888247651
177.59918 0.1123501595374627
180.26676 0.10446276159364995
187.8249 0.4290399836464015
195.82763 0.2956883962945722
200.71819 0.1017129325140617
208.27633 0.11133391835587574
216.27907 0.09968045015088778
218.50205 0.29869687029534525
218.50205 0.3766369629157055
221.16963 0.37262995784084474
226.50479 0.103446520412063
238.95349 0.12370473327727802
241.62107 0.13296875372925732
246.95622 0.28992089462977366
251.84679 0.09758989686305174
251.84679 0.103446520412063
251.84679 0.11306750625387703
257.18194 0.38100432952078866
259.40492 0.14157349838948438
259.40492 0.15155315758950558
262.0725 0.12854511564470228
262.0725 0.2510450609966686
269.63064 0.0899996854160392
269.63064 0.09585630896505046
290.08208 0.08934211759265942
290.08208 0.22496280084675052
298.08482 0.18609074670359624
302.97538 0.09932348476105303
305.64295 0.30749057735542346
308.31053 0.1271719090732806
310.53352 0.09519874114167065
310.53352 0.11509998861705095
328.76197 0.08725156430482338
341.21067 0.08282792622026837
343.87825 0.26163860653235216
346.54583 0.16728022521886327
366.99726 0.0810960462906395
374.5554 0.1457106760701047
379.89056 0.07625566392321521
379.89056 0.21759920042099642
418.12585 0.12414490641129691
425.68399 0.07213092030383284
459.02873 0.18193954451988648
469.25445 0.11536515125577457
471.92202 0.07350583484362697
484.81532 0.14721869256044195
487.0383 0.19486672236916788
502.59918 0.23650158366629845
502.59918 0.29869687029534525
512.8249 0.08898344423445224
512.8249 0.33456045043772653
515.49248 0.10308784705385583
520.38304 0.3779489950719911
538.16689 0.2698555824814016
538.16689 0.3333056597740875
540.83447 0.07075771373241113
540.83447 0.07870489056925842
543.50205 0.16602543455522425
543.50205 0.222203773182725
551.06019 0.12264066941091038
566.62107 0.0922913651066295
579.51436 0.1400838217110723
589.74008 0.06561672893144181
602.18878 0.0779973341130068
625.3078 0.06083612545705205
640.86867 0.07649309711262027
666.21067 0.059761813350802974
668.87825 0.11934420886722916
673.76881 0.06597540228964897
679.10397 0.0591868126282738
691.99726 0.09245062003045483
709.78112 0.06322728117843314
717.33926 0.04948155171723673
717.33926 0.07649309711262027
735.12312 0.09379938159696675
763.57729 0.04984022507544389
766.24487 0.05910424552742318
771.13543 0.07348462311184722
781.36115 0.0850196264414444
784.02873 0.07697130267125712
794.25445 0.05808800434583622
794.25445 0.09310818785383461
809.37073 0.12113265292057315
814.70588 0.04326625481001831
814.70588 0.1833317190395707
819.59644 0.21342779751715335
827.59918 0.13171482856143021
829.82216 0.25681634215141796
840.04788 0.2726146101454272
858.27633 0.03848565133562856
860.49932 0.22947929133786082
863.16689 0.15449043122562708
870.72503 0.13417567274050754
873.39261 0.1833317190395707
878.72777 0.08953233744260397
888.95349 0.03675377140599969
891.17647 0.04189304823859661
893.84405 0.07072559544782168
914.29549 0.14845819339101624
924.5212 0.07072559544782168
929.85636 0.04159415377342397
955.19836 0.047651809298676635
962.7565 0.03675377140599969
975.64979 0.13608219516651338
980.98495 0.03887205414315428
983.65253 0.03914321915900836
1008.99453 0.12953114525888862
1019.22025 0.03887205414315428
1026.77839 0.039501892517215524
1045.00684 0.034721289042825766
1047.22982 0.02031475848511952
1062.7907 0.09823347743255997
1090.80027 0.005767501664798584
1093.46785 0.038844324693835725
1116.58687 0.09823347743255997
1126.81259 0.018810521484732997
1141.92886 0.1422675050136139
1149.487 0.1946759042746117
1152.15458 0.03848565133562856
1154.82216 0.040376291143540806
1165.04788 0.07222983244820821
1180.60876 0.34533929508937683
1180.60876 0.3911912659124481
1185.49932 0.2867455859812785
1190.83447 0.08652386344183091
1190.83447 0.4374089767960436
1205.76835 0.0
1205.76835 0.0
1205.95075 0.4039276256671734
1208.61833 0.04087680705700965
1218.84405 0.29912158420578133
1223.73461 0.0779973341130068
1223.73461 0.35152460493647736
1236.62791 0.1968595875771533
1244.18605 0.13608219516651338
1246.85363 0.03914321915900836
1249.5212 0.03460878947874222
1254.78796 0.00023362
1254.78796 0.0006292880453137056
1267.30506 0.19030853766952854
1269.97264 0.1611945531457415
1271.31783 0.0006146700000000001
1271.31783 0.0016512088026607486
1274.8632 0.04087680705700965
1274.8632 0.257271239927269
1282.86594 0.011535003329597168
1291.26767 0.00095085
1291.26767 0.002554801893367608
1297.98222 0.3180432538076071
1305.54036 0.3766369629157055
1323.76881 0.042610394955010934
1323.76881 0.3391539852422763
1328.65937 0.23870993185566564
1333.99453 0.007271738665185108
1340.28728 0.0008853299999999999
1340.28728 0.0023826889237091586
1344.22025 0.15464350323811676
1356.66895 0.023073786149145056
1356.81715 0.00072507
1356.81715 0.001952406499563035
1372.77702 0.00055769
1372.77702 0.0015006099542096054
1377.56498 0.04434227488463981
1379.78796 0.08986448428291788
1385.88691 0.00038533
1385.88691 0.0010380563482525228
1402.90698 0.05419944985150607
1405.83675 0.00020513
1405.83675 0.000553988621088134
1412.1067 5.769e-05
1412.1067 0.00015514370655618663
1418.46785 0.0374694101540416
1420.69083 0.01730628448434647
1438.91929 0.030239580033608653
1441.14227 0.0
1466.92886 0.014547256820320938
1482.04514 0.04583045670186397
1491.33607 3.276e-05
1491.33607 8.810032634391877e-05
1492.27086 0.02300804194480328
1500.2736 0.018810521484732997
1535.84131 0.0440125134598466
1536.9357 0.00016453000000000003
1536.9357 0.00040171
1536.9357 0.00044246479527976055
1536.9357 0.0010810845906671352
1541.17647 0.016135177214205078
1561.62791 0.018810521484732997
1563.15549 0.00044657999999999997
1563.15549 0.001199412257307319
1589.63748 0.009262312483606875
1605.19836 0.03675377140599969
1605.19836 0.07386450820183413
1607.42134 0.015798267994009227
1610.08892 0.09585630896505046
1619.01505 0.00025
1619.01505 0.00036895
1619.01505 0.0006723162877283179
1619.01505 0.0009896495755360838
1625.64979 0.052381506609488704
1627.87278 0.024024283126390246
1638.39489 0.0001396
1638.39489 0.0003754214150674927
1656.32695 0.013745729461196407
1663.88509 0.011535003329597168
1684.56452 3.704e-05
1684.56452 9.961038118982758e-05
1722.57182 0.011535003329597168
1722.57182 0.05019782330694712
1733.58413 0.00011538
1733.58413 0.00031028741311237327
1743.84405 0.00033618
1743.84405 0.0009035930907068593
1763.27751 0.04770218524689961
1766.64387 0.00063106
1766.64387 0.0016996155753771875
1783.17373 0.00083191
1783.17373 0.0022374686055598417
1786.59371 0.008247779270392329
1786.59371 0.008775975665571634
1810.27911 0.0351379384618328
1819.08345 0.001
1819.08345 0.0026892651509132716
1843.37207 0.0351379384618328
1854.99316 0.00067593
1854.99316 0.0008767800000000001
1854.99316 0.0018179432420173717
1854.99316 0.002355796272200026
1865.73187 0.004123035651009957
1871.06703 0.0030084740007730493
1895.64935 0.028178120251269256
1907.43274 0.00032407000000000003
1907.43274 0.0008713219088958999
1932.42134 0.0006575678233797984
1942.65095 0.012564246785066804
1945.31464 0.0030084740007730493
1963.29229 1.638e-05
1963.29229 4.4050163171959383e-05
1989.65254 0.0
1991.10807 0.007271738665185108
1996.44323 0.0
