50.0 0.03307380667372485
52.22298 0.5328589995637
57.55814 0.0016113990288976763
57.55814 0.017727501243207204
60.22572 0.05058987380147163
62.4487 0.15538939909643626
72.67442 0.2772610489869439
72.67442 0.5178481450736678
78.00958 0.06250243022310188
78.00958 0.41326375409822735
82.90014 0.05241270694582973
85.56772 0.08219296606311169
93.12585 0.07413491495595693
93.12585 0.49494436508987966
93.12585 0.5516245355425343
101.12859 0.6634895884478867
108.68673 0.5328589995637
116.24487 0.0943154174731676
116.24487 0.563136532630311
116.24487 0.7618065791742074
121.58003 0.6342180075011546
123.80301 0.5934065414590824
126.47059 0.8701388682743659
142.03146 0.7524237839615074
144.25445 0.5889371441823511
149.5896 0.5389160110245901
152.25718 0.4844179563522581
157.14774 0.08863961814136878
162.4829 0.5404885767330696
162.4829 0.7818284745332006
170.04104 0.5025814664970889
172.70862 0.5360191794563383
177.59918 0.49494436508987966
180.26676 0.46019743474653724
187.8249 0.694101073833779
195.82763 0.08261323920433139
200.71819 0.44808341182475697
208.27633 0.49046744357530864
216.27907 0.439129568795615
218.50205 0.0834537854867708
218.50205 0.6093234438978075
221.16963 0.6028409093291635
226.50479 0.4557205132319662
238.95349 0.5449654982476406
241.62107 0.5857769642897128
246.95622 0.08100184017543373
251.84679 0.4299199016799261
251.84679 0.4557205132319662
251.84679 0.49810454498251794
257.18194 0.6163889715081954
259.40492 0.6236840745256935
259.40492 0.6676481962225643
262.0725 0.07014020818903693
262.0725 0.5662891882851097
269.63064 0.3964821887206767
269.63064 0.4222828002727168
290.08208 0.06285300982834043
290.08208 0.393585357152425
298.08482 0.05199243380461002
302.97538 0.4375570030871354
305.64295 0.497458390992455
308.31053 0.5602397010620592
310.53352 0.419385968704465
310.53352 0.5070583880116599
328.76197 0.3843756900367361
341.21067 0.36488791403213305
343.87825 0.4232790524720653
346.54583 0.046736907614030904
366.99726 0.35725833686276337
374.5554 0.04071052867699352
379.89056 0.3359346468252942
379.89056 0.3520320819377602
418.12585 0.034685205702622526
425.68399 0.3177636124426238
459.02873 0.29434187497116976
469.25445 0.03223220442861906
471.92202 0.32382062390351396
484.81532 0.04113185778087961
487.0383 0.054444379115947114
502.59918 0.06607686384880217
502.59918 0.0834537854867708
512.8249 0.09347381522806181
512.8249 0.39200526720610573
515.49248 0.4541404232856471
520.38304 0.10559626663811772
538.16689 0.07539573437961605
538.16689 0.09312323562282325
540.83447 0.3117141252195733
540.83447 0.34672440388730225
543.50205 0.04638632800879235
543.50205 0.06208215708188217
551.06019 0.03426493256140282
566.62107 0.025785552350361965
579.51436 0.22662766824205863
589.74008 0.2890661693223319
602.18878 0.021791901546108352
625.3078 0.26800582760924935
640.86867 0.021371628404888644
666.21067 0.26327308200813143
668.87825 0.19307511348139905
673.76881 0.2906462592686511
679.10397 0.016536375355529234
691.99726 0.4072794700205244
709.78112 0.27853976058471047
717.33926 0.021371628404888644
717.33926 0.21798469445148833
735.12312 0.026206881454248057
763.57729 0.2195647843978075
766.24487 0.26037625043987966
771.13543 0.020531082122449227
781.36115 0.02375388018024458
784.02873 0.33908730248009294
794.25445 0.2558993289253087
794.25445 0.41017630158877616
809.37073 0.03384360345751673
814.70588 0.05122158105815176
814.70588 0.19060399295312905
819.59644 0.059630211770545075
827.59918 0.21308830745170948
829.82216 0.07175266318060099
840.04788 0.07616658712607431
858.27633 0.16954365124004647
860.49932 0.06411488521466593
863.16689 0.043163529950997
870.72503 0.03748773061919817
873.39261 0.05122158105815176
878.72777 0.025014699603903706
888.95349 0.1619140740706768
891.17647 0.18455450573007853
893.84405 0.019760229375990968
914.29549 0.24017573042109047
924.5212 0.019760229375990968
929.85636 0.1832377641081459
955.19836 0.013313577297733881
962.7565 0.1619140740706768
975.64979 0.22015383506209735
980.98495 0.010860576023730407
983.65253 0.17244048280829827
1008.99453 0.20955554364651555
1019.22025 0.010860576023730407
1026.77839 0.17402057275461746
1045.00684 0.15296023104153483
1047.22982 0.005675799331798828
1062.7907 0.1589221629016302
1090.80027 0.0016113990288976763
1093.46785 0.17112374118636564
1116.58687 0.1589221629016302
1126.81259 0.005255526190579119
1141.92886 0.23016043204725256
1149.487 0.31494676337190675
1152.15458 0.16954365124004647
1154.82216 0.011280849164950115
1165.04788 0.020180502517210677
1180.60876 0.5586900631529221
1180.60876 0.6328694016733118
1185.49932 0.4638971348431127
1190.83447 0.02417415332146429
1190.83447 0.7076404346241281
1205.76835 0.0
1205.76835 0.0
1205.95075 0.6534742900740488
1208.61833 0.18007758421550757
1218.84405 0.48391903020210586
1223.73461 0.021791901546108352
1223.73461 0.5686966601380773
1236.62791 0.31847952717710065
1244.18605 0.22015383506209735
1246.85363 0.17244048280829827
1249.5212 0.00966945013605244
1254.78796 0.00023362
1254.78796 0.0010180624758810081
1267.30506 0.3078812357615189
1269.97264 0.2607806188218275
1271.31783 0.0006146700000000001
1271.31783 0.0026713263256023033
1274.8632 0.18007758421550757
1274.8632 0.41621352486167745
1282.86594 0.0032227980577953525
1291.26767 0.00095085
1291.26767 0.004133159624303238
1297.98222 0.514530515587998
1305.54036 0.6093234438978075
1323.76881 0.18771468562271687
1323.76881 0.5486834661677669
1328.65937 0.38618503251752906
1333.99453 0.002031672170117385
1340.28728 0.0008853299999999999
1340.28728 0.003854715186455441
1344.22025 0.2501823274062457
1356.66895 0.006446652078257087
1356.81715 0.00072507
1356.81715 0.0031586040918359483
1372.77702 0.00055769
1372.77702 0.002427687442485481
1377.56498 0.19534426279208658
1379.78796 0.14538280211128107
1385.88691 0.00038533
1385.88691 0.0016793680157695264
1402.90698 0.08768389375600785
1405.83675 0.00020513
1405.83675 0.000896243034322597
1412.1067 5.769e-05
1412.1067 0.00025099155655374086
1418.46785 0.1650667297254755
1420.69083 0.00483525304935941
1438.91929 0.1332166309503849
1441.14227 0.0
1466.92886 0.004064400302901151
1482.04514 0.07414453296565872
1491.33607 3.276e-05
1491.33607 0.00014252874662334114
1492.27086 0.10135900793745467
1500.2736 0.005255526190579119
1535.84131 0.07120346359089136
1536.9357 0.00016453000000000003
1536.9357 0.00040171
1536.9357 0.0007158197399859071
1536.9357 0.0017489791252314755
1541.17647 0.07108147487084361
1561.62791 0.005255526190579119
1563.15549 0.00044657999999999997
1563.15549 0.0019404096762518361
1589.63748 0.04080394180423255
1605.19836 0.1619140740706768
1605.19836 0.32540071384983316
1607.42134 0.0044139239454733204
1610.08892 0.4222828002727168
1619.01505 0.00025
1619.01505 0.00036895
1619.01505 0.0010876735853429574
1619.01505 0.0016010555176248333
1625.64979 0.0847428243812405
1627.87278 0.10583592945202565
1638.39489 0.0001396
1638.39489 0.0006073569300555074
1656.32695 0.06055506613322212
1663.88509 0.0032227980577953525
1684.56452 3.704e-05
1684.56452 0.00016114971840441256
1722.57182 0.0032227980577953525
1722.57182 0.08121006057604657
1733.58413 0.00011538
1733.58413 0.0005019831131074817
1743.84405 0.00033618
1743.84405 0.001461833298700935
1763.27751 0.07717261622725352
1766.64387 0.00063106
1766.64387 0.0027496388237469964
1783.17373 0.00083191
1783.17373 0.003619777692021362
1786.59371 0.0024519453113370938
1786.59371 0.03633454452750119
1810.27911 0.05684617226436432
1819.08345 0.001
1819.08345 0.00435069434137183
1843.37207 0.05684617226436432
1854.99316 0.00067593
1854.99316 0.0008767800000000001
1854.99316 0.002941069374767357
1854.99316 0.003811208243041723
1865.73187 0.01816351014483079
1871.06703 0.0008405462824394171
1895.64935 0.04558657530889403
1907.43274 0.00032407000000000003
1907.43274 0.0014096249666044726
1932.42134 0.0028968315682518036
1942.65095 0.020326443962889188
1945.31464 0.0008405462824394171
1963.29229 1.638e-05
1963.29229 7.126437331167057e-05
1989.65254 0.0
1991.10807 0.002031672170117385
1996.44323 0.0
