50.0 0.12793817896223722
52.22298 0.15447296275455336
57.55814 0.0062333150632602405
57.55814 0.06857463517825224
60.22572 0.00819082718356989
62.4487 0.025158546928825434
72.67442 0.044890353866059676
72.67442 0.15012139663959362
78.00958 0.06691006987555355
78.00958 0.24177583132003516
82.90014 0.2027461292037497
85.56772 0.31794400037941506
93.12585 0.08931157366742573
93.12585 0.14348171380553976
93.12585 0.2867733403219191
101.12859 0.10742324794881108
108.68673 0.15447296275455336
116.24487 0.12334140349527757
116.24487 0.16325025701349974
116.24487 0.3648368292956848
121.58003 0.1838563949022339
123.80301 0.17202537003629825
126.47059 0.14088110050859803
142.03146 0.21812361478494946
144.25445 0.17072971576447563
149.5896 0.1562288578535722
152.25718 0.1404301644346983
157.14774 0.34288134537365084
162.4829 0.12658307761798043
162.4829 0.15668473620847276
170.04104 0.145695668495607
172.70862 0.15538908193665013
177.59918 0.14348171380553976
180.26676 0.1334087652747708
187.8249 0.11237944506470357
195.82763 0.31956972737494427
200.71819 0.12989697507673312
208.27633 0.14218387829756932
216.27907 0.1273013040607922
218.50205 0.09865339944215086
218.50205 0.3228211813660027
221.16963 0.0976038352433618
226.50479 0.13211092976680036
238.95349 0.1579825717164432
241.62107 0.16981359658237885
246.95622 0.3133364123116841
251.84679 0.12463147101582442
251.84679 0.13211092976680036
251.84679 0.14439783298763656
257.18194 0.09979735397828067
259.40492 0.1808026642952446
259.40492 0.1935476271071292
262.0725 0.16416419495944864
262.0725 0.271320764382002
269.63064 0.11493805757478126
269.63064 0.12241751632575719
290.08208 0.11409828165785922
290.08208 0.24313196539670776
298.08482 0.2011204022082205
302.97538 0.12684542570589166
305.64295 0.08054172516076549
308.31053 0.16241048109657769
310.53352 0.12157774040883512
310.53352 0.14699350400357744
328.76197 0.11142844861289143
341.21067 0.10577904698996124
343.87825 0.06853161134240751
346.54583 0.18079064528171576
366.99726 0.10356727353604185
374.5554 0.15747902728300922
379.89056 0.05699626683276351
379.89056 0.09738565029303638
418.12585 0.13417149402549747
425.68399 0.09211796499597985
459.02873 0.04765584986904346
469.25445 0.12468264022998402
471.92202 0.09387386009499869
484.81532 0.15910883901973322
487.0383 0.21060517126253916
502.59918 0.25560268026442307
502.59918 0.3228211813660027
512.8249 0.1136402220668108
512.8249 0.3615812905634315
515.49248 0.13165287017575195
520.38304 0.40847411947970125
538.16689 0.29165052130850666
538.16689 0.36022515648675896
540.83447 0.09036425113310886
540.83447 0.10051354292905255
543.50205 0.17943451120504317
543.50205 0.24015010432450595
551.06019 0.13254576702996826
566.62107 0.09974529523574824
579.51436 0.03669248262746436
589.74008 0.08379873032808188
602.18878 0.08429680403702594
625.3078 0.07769345035025114
640.86867 0.08267107704149673
666.21067 0.07632145281325381
668.87825 0.031260107391852816
673.76881 0.08425678991913028
679.10397 0.06396704711052122
691.99726 0.1180681314469453
709.78112 0.08074718095724044
717.33926 0.06319259243934772
717.33926 0.08267107704149673
735.12312 0.10137510697247226
763.57729 0.0636506520303961
766.24487 0.07548167689633177
771.13543 0.07941962305043831
781.36115 0.0918862531769588
784.02873 0.09829958823898532
794.25445 0.07418384138836132
794.25445 0.11890790736386735
809.37073 0.13091595529324426
814.70588 0.055255074097323394
814.70588 0.1981385411360187
819.59644 0.2306653352701873
827.59918 0.03450037270355057
829.82216 0.277558164186457
840.04788 0.29463238238070855
858.27633 0.04914979411949266
860.49932 0.2480132311244902
863.16689 0.1669678810785227
870.72503 0.14501239715648873
873.39261 0.1981385411360187
878.72777 0.09676343416354642
888.95349 0.046938020665573274
891.17647 0.0535013602344524
893.84405 0.07643776197823648
914.29549 0.03888600136238323
924.5212 0.07643776197823648
929.85636 0.05311964390857874
955.19836 0.051500416984000735
962.7565 0.046938020665573274
975.64979 0.03564432723968039
980.98495 0.04201156318848727
983.65253 0.049989570036414716
1008.99453 0.03392839543548566
1019.22025 0.04201156318848727
1026.77839 0.05044762962746312
1045.00684 0.04434234964963238
1047.22982 0.02195548392203394
1062.7907 0.025730524196890345
1090.80027 0.0062333150632602405
1093.46785 0.04960785371054106
1116.58687 0.025730524196890345
1126.81259 0.02032975692650473
1141.92886 0.03726445989552927
1149.487 0.050991914329087056
1152.15458 0.04914979411949266
1154.82216 0.043637290184016485
1165.04788 0.07806348897376571
1180.60876 0.09045552820355554
1180.60876 0.10246564202191352
1185.49932 0.07510794111414887
1190.83447 0.093511980172488
1190.83447 0.11457155498861736
1205.76835 0.0
1205.76835 0.0
1205.95075 0.10580170648195712
1208.61833 0.05220352472648195
1218.84405 0.0783496152368517
1223.73461 0.08429680403702594
1223.73461 0.09207566085940441
1236.62791 0.05156389159715197
1244.18605 0.03564432723968039
1246.85363 0.049989570036414716
1249.5212 0.037403975120756244
1254.78796 0.0001648308875950597
1254.78796 0.00023362
1267.30506 0.04984795979295724
1269.97264 0.04222206582242683
1271.31783 0.00043250497856139593
1271.31783 0.0006146700000000001
1274.8632 0.05220352472648195
1274.8632 0.06738765680627769
1282.86594 0.012466630126520481
1291.26767 0.0006691852274158406
1291.26767 0.00095085
1297.98222 0.08330581235274419
1305.54036 0.09865339944215086
1323.76881 0.054417479416549196
1323.76881 0.08883539554770666
1328.65937 0.06252585002772598
1333.99453 0.007859042058789453
1340.28728 0.0006241032752530893
1340.28728 0.0008853299999999999
1344.22025 0.04050613401823211
1356.66895 0.02493734499423576
1356.81715 0.0005113983948462109
1356.81715 0.00072507
1372.77702 0.00039305827041898853
1372.77702 0.00055769
1377.56498 0.056629252870468584
1379.78796 0.023538414272976562
1385.88691 0.0002719005239815942
1385.88691 0.00038533
1402.90698 0.014196588498251424
1405.83675 0.00014510753352385599
1405.83675 0.00020513
1412.1067 4.06371534417051e-05
1412.1067 5.769e-05
1418.46785 0.04785195861152221
1420.69083 0.01870402993097552
1438.91929 0.038618785997675306
1441.14227 0.0
1466.92886 0.015722168858773703
1482.04514 0.012004478574337637
1491.33607 2.3076324263308357e-05
1491.33607 3.276e-05
1492.27086 0.029383432147680542
1500.2736 0.02032975692650473
1535.84131 0.011528300454618577
1536.9357 0.00011589583733339816
1536.9357 0.00016453000000000003
1536.9357 0.00028317101202228207
1536.9357 0.00040171
1541.17647 0.020606137888734177
1561.62791 0.02032975692650473
1563.15549 0.0003141648541341736
1563.15549 0.00044657999999999997
1589.63748 0.011828843629787809
1605.19836 0.046938020665573274
1605.19836 0.0943319196860471
1607.42134 0.01707421819425151
1610.08892 0.12241751632575719
1619.01505 0.00017610137563574754
1619.01505 0.00025
1619.01505 0.00025922122493582037
1619.01505 0.00036895
1625.64979 0.013720410378532362
1627.87278 0.030681267655650993
1638.39489 9.833500815500144e-05
1638.39489 0.0001396
1656.32695 0.01755458851789273
1663.88509 0.012466630126520481
1684.56452 2.6091179814192356e-05
1684.56452 3.704e-05
1722.57182 0.012466630126520481
1722.57182 0.013148433110467454
1733.58413 8.12743068834102e-05
1733.58413 0.00011538
1743.84405 0.00023668024885444472
1743.84405 0.00033618
1763.27751 0.01249474480410756
1766.64387 0.0004451842776071698
1766.64387 0.00063106
1783.17373 0.0005860653781157677
1783.17373 0.00083191
1786.59371 0.009484769054318663
1786.59371 0.01053318935796521
1810.27911 0.009203762296226709
1819.08345 0.0007044055025429901
1819.08345 0.001
1843.37207 0.009203762296226709
1854.99316 0.0004761781197190614
1854.99316 0.0006170592202276594
1854.99316 0.00067593
1854.99316 0.0008767800000000001
1865.73187 0.005265504060908681
1871.06703 0.003251453991058422
1895.64935 0.007380760855645451
1907.43274 0.0002282273828239288
1907.43274 0.00032407000000000003
1932.42134 0.0008397759169220555
1942.65095 0.00329098250788085
1945.31464 0.003251453991058422
1963.29229 1.1538162131654179e-05
1963.29229 1.638e-05
1989.65254 0.0
1991.10807 0.007859042058789453
1996.44323 0.0
