50.0 0.26492580832642115
52.22298 0.3906144226702915
57.55814 0.012907531161397104
57.55814 0.14199975959209343
60.22572 0.004286682546938819
62.4487 0.013166765896668976
72.67442 0.023493438712703565
72.67442 0.3796106556977667
78.00958 0.03501749241216241
78.00958 0.5006531909849898
82.90014 0.41983309907991173
85.56772 0.6583771317232414
93.12585 0.04674135536002519
93.12585 0.3628209480965811
93.12585 0.5938310175078932
101.12859 0.05622012915146747
108.68673 0.3906144226702915
116.24487 0.06455092139396175
116.24487 0.41280948948605073
116.24487 0.7554796597264123
121.58003 0.46491604918000634
123.80301 0.434999040629142
126.47059 0.07373034996454797
142.03146 0.5515672667932214
144.25445 0.43172273106439024
149.5896 0.3950545391679769
152.25718 0.3551045220341439
157.14774 0.7100157147771925
162.4829 0.066247456746646
162.4829 0.39620731475557475
170.04104 0.3684193558545323
172.70862 0.392931005190823
177.59918 0.3628209480965811
180.26676 0.3373495717160701
187.8249 0.05881396286322027
195.82763 0.6617435782515743
200.71819 0.3284693387206993
208.27633 0.3595391228591614
216.27907 0.3219056882458599
218.50205 0.05163041486617436
218.50205 0.6684764713082402
221.16963 0.05108112375893848
226.50479 0.33406774647865045
238.95349 0.39948913999299446
241.62107 0.4294061485438587
246.95622 0.6488360470901773
251.84679 0.3151545049003109
251.84679 0.33406774647865045
251.84679 0.3651375306171126
257.18194 0.05222910530788649
259.40492 0.45719410744490124
259.40492 0.48942218284362915
262.0725 0.4151205563339143
262.0725 0.5618328586720052
269.63064 0.2906428555640201
269.63064 0.30955609714235965
290.08208 0.2885193215868662
290.08208 0.5034613825613882
298.08482 0.4164666525515787
302.97538 0.32075291265826206
305.64295 0.04215164107473207
308.31053 0.4106859555088968
310.53352 0.30743256316520573
310.53352 0.37170118109195194
328.76197 0.2817681382413172
341.21067 0.2674825460313727
343.87825 0.03586612874025436
346.54583 0.3743691541306919
366.99726 0.2618896539460895
374.5554 0.32609701760507376
379.89056 0.02982908768515717
379.89056 0.24625823760516957
418.12585 0.27783333948781824
425.68399 0.23293788811211327
459.02873 0.02494076548250764
469.25445 0.2581844568613927
471.92202 0.2373780046097987
484.81532 0.3294719225417693
487.0383 0.4361070767696417
502.59918 0.5292849032925451
502.59918 0.6684764713082402
512.8249 0.28736103032660043
512.8249 0.7487383082613838
515.49248 0.33290945521838466
520.38304 0.8458408362645546
538.16689 0.603930357092892
538.16689 0.7459301166849854
540.83447 0.22850328728709576
540.83447 0.2541677122109844
543.50205 0.37156096255429355
543.50205 0.49728674445665694
551.06019 0.27446689295948534
566.62107 0.20654587380744158
579.51436 0.01920306964826652
589.74008 0.2119011125566198
602.18878 0.17455617337991614
625.3078 0.19646274475907755
640.86867 0.1711897268515832
666.21067 0.19299338665094817
668.87825 0.01636002735363355
673.76881 0.2130594038168856
679.10397 0.13245867495902924
691.99726 0.29855784584250283
709.78112 0.20418468649418264
717.33926 0.1597945528626642
717.33926 0.1711897268515832
735.12312 0.20992077874413717
763.57729 0.16095284412292996
766.24487 0.19086985267379428
771.13543 0.16445683379491735
781.36115 0.1902718961177116
784.02873 0.24856930445303319
794.25445 0.18758802743637462
794.25445 0.3006813798196567
809.37073 0.2710919880227898
814.70588 0.13972302002405884
814.70588 0.41029201444684754
819.59644 0.477646320238594
827.59918 0.01805582540281815
829.82216 0.5747488482417649
840.04788 0.6101049951976233
858.27633 0.12428465222651659
860.49932 0.5135691805547496
863.16689 0.34574590023149937
870.72503 0.3002819552822795
873.39261 0.41029201444684754
878.72777 0.20037123570271034
888.95349 0.11869176014123331
891.17647 0.13528841919904136
893.84405 0.1582821956901861
914.29549 0.02035105119721453
924.5212 0.1582821956901861
929.85636 0.13432317648215322
955.19836 0.10664361263623505
962.7565 0.11869176014123331
975.64979 0.018654515844530282
980.98495 0.08699473000980944
983.65253 0.12640818620367048
1008.99453 0.017756480181962086
1019.22025 0.08699473000980944
1026.77839 0.12756647746393626
1045.00684 0.11212810966639399
1047.22982 0.04546394494921981
1062.7907 0.013466111117525041
1090.80027 0.012907531161397104
1093.46785 0.12544294348678234
1116.58687 0.013466111117525041
1126.81259 0.042097498420886885
1141.92886 0.019502414869122586
1149.487 0.026686700169668138
1152.15458 0.12428465222651659
1154.82216 0.09036117653814237
1165.04788 0.16164864221851905
1180.60876 0.04734004580173732
1180.60876 0.05362555813621503
1185.49932 0.03930786147659946
1190.83447 0.05996120710866864
1190.83447 0.1936383426460445
1205.76835 0.0
1205.76835 0.0
1205.95075 0.05537149282337553
1208.61833 0.13200659396162168
1218.84405 0.0410043968292837
1223.73461 0.04818794482632961
1223.73461 0.17455617337991614
1236.62791 0.026986045390524203
1244.18605 0.018654515844530282
1246.85363 0.12640818620367048
1249.5212 0.07745364537674526
1254.78796 8.626450945852113e-05
1254.78796 0.00023362
1267.30506 0.026088009727956007
1269.97264 0.022096985884375028
1271.31783 0.00022635217439116224
1271.31783 0.0006146700000000001
1274.8632 0.03526743829854223
1274.8632 0.13200659396162168
1282.86594 0.025815062322794208
1291.26767 0.00035021916233160283
1291.26767 0.00095085
1297.98222 0.0435982305410365
1305.54036 0.05163041486617436
1323.76881 0.04649214677714501
1323.76881 0.13760500171957288
1328.65937 0.03272300392126568
1333.99453 0.016273977689730032
1340.28728 0.0003266254503429475
1340.28728 0.0008853299999999999
1344.22025 0.02119895022180683
1356.66895 0.05163858305395106
1356.81715 0.0002676411703713091
1356.81715 0.00072507
1372.77702 0.00020570767640108883
1372.77702 0.00055769
1377.56498 0.14319789380485615
1379.78796 0.012318866872076676
1385.88691 0.00014229957543157758
1385.88691 0.00038533
1402.90698 0.0074298073659274984
1405.83675 7.594226046348441e-05
1405.83675 0.00020513
1412.1067 2.1267519447273862e-05
1412.1067 5.769e-05
1418.46785 0.12100282698909691
1420.69083 0.03873105189255396
1438.91929 0.09765498458573986
1441.14227 0.0
1466.92886 0.03255641378782271
1482.04514 0.0062825631204791324
1491.33607 1.2077031324192958e-05
1491.33607 3.276e-05
1492.27086 0.07430162650971486
1500.2736 0.042097498420886885
1535.84131 0.0060333545375989605
1536.9357 6.0654272398335387e-05
1536.9357 0.00014819800342874141
1536.9357 0.00016453000000000003
1536.9357 0.00040171
1541.17647 0.052106559693955626
1561.62791 0.042097498420886885
1563.15549 0.000164418680420942
1563.15549 0.00044657999999999997
1589.63748 0.0299114928781964
1605.19836 0.11869176014123331
1605.19836 0.23853629587006447
1607.42134 0.035356146955858384
1610.08892 0.30955609714235965
1619.01505 9.216293745568497e-05
1619.01505 0.00013566384393476827
1619.01505 0.00025
1619.01505 0.00036895
1625.64979 0.007180598783047327
1627.87278 0.07758345174713453
1638.39489 5.1463784275254486e-05
1638.39489 0.0001396
1656.32695 0.04439013363151846
1663.88509 0.025815062322794208
1684.56452 1.3654860813434283e-05
1684.56452 3.704e-05
1722.57182 0.006881253562191262
1722.57182 0.025815062322794208
1733.58413 4.2535038894547724e-05
1733.58413 0.00011538
1743.84405 0.0001238669879404406
1743.84405 0.00033618
1763.27751 0.0065391447383557596
1766.64387 0.00023298790588797158
1766.64387 0.00063106
1783.17373 0.00030671825585251955
1783.17373 0.00083191
1786.59371 0.01964042421806296
1786.59371 0.026635183313444662
1810.27911 0.0048168037631839185
1819.08345 0.0003686517498227399
1819.08345 0.001
1843.37207 0.0048168037631839185
1854.99316 0.00024920858288017214
1854.99316 0.00032293893284472013
1854.99316 0.00067593
1854.99316 0.0008767800000000001
1865.73187 0.013314833820388366
1871.06703 0.006732893056665855
1895.64935 0.003862733034642668
1907.43274 0.00011944316694256771
1907.43274 0.00032407000000000003
1932.42134 0.0021235339771539024
1942.65095 0.0017223409751718406
1945.31464 0.006732893056665855
1963.29229 6.038515662096479e-06
1963.29229 1.638e-05
1989.65254 0.0
1991.10807 0.016273977689730032
1996.44323 0.0
