50.0 0.1165733889411478
52.22298 0.5917665306894709
57.55814 0.005679607660170223
57.55814 0.06248312804648604
60.22572 0.02428174758660705
62.4487 0.07458263646398842
72.67442 0.13307767545573565
72.67442 0.5750962271166233
78.00958 0.1983552321772128
78.00958 0.22029880563923687
82.90014 0.18473612464780406
85.56772 0.2897009314840561
93.12585 0.2612991712908982
93.12585 0.2647646006627028
93.12585 0.5496604355999577
101.12859 0.31845674840494914
108.68673 0.5917665306894709
116.24487 0.33242825516607066
116.24487 0.3656461990380886
116.24487 0.6253912432594654
121.58003 0.7043307710051753
123.80301 0.6590075997875686
126.47059 0.4176427173479025
142.03146 0.8356041891151682
144.25445 0.6540441109042244
149.5896 0.5984931444118481
152.25718 0.5379703329942365
157.14774 0.31242308401704383
162.4829 0.37525615796426387
162.4829 0.6002395571670988
170.04104 0.5581418181194766
172.70862 0.5952760682837547
177.59918 0.5496604355999577
180.26676 0.5110722341466192
187.8249 0.33314941920124835
195.82763 0.2911822446221608
200.71819 0.497619006701865
208.27633 0.5446885906747224
216.27907 0.4876753168513945
218.50205 0.2924584892500422
218.50205 0.29414487089837016
221.16963 0.2893470510058003
226.50479 0.506100389221384
238.95349 0.605211402092334
241.62107 0.6505345733099407
246.95622 0.2855026369619906
251.84679 0.4774475215766248
251.84679 0.506100389221384
251.84679 0.5531699731942413
257.18194 0.29584974811490716
259.40492 0.692632312357563
259.40492 0.7414566651275621
262.0725 0.2472192526942901
262.0725 0.6288924248118578
269.63064 0.4403132714123467
269.63064 0.4689661390571059
290.08208 0.22153447388509304
290.08208 0.43709619528425336
298.08482 0.18325481150969938
302.97538 0.48592890409614375
305.64295 0.23876634150779585
308.31053 0.622174167131372
310.53352 0.46574906292901247
310.53352 0.5631136630447119
328.76197 0.4268684000094837
341.21067 0.4052262515114008
343.87825 0.20316229985388715
346.54583 0.16473095349877723
366.99726 0.396753225033773
374.5554 0.14349011410389423
379.89056 0.1689657141574409
379.89056 0.37307220231424915
418.12585 0.12225299660131803
425.68399 0.3528923611471178
459.02873 0.14127600199727497
469.25445 0.11360704077263165
471.92202 0.3596189748694949
484.81532 0.1449751491343057
487.0383 0.19189704544607897
502.59918 0.23289741109774031
502.59918 0.29414487089837016
512.8249 0.32946190699755445
512.8249 0.43534142648711144
515.49248 0.5043456204242421
520.38304 0.372189230679569
538.16689 0.2657431107052122
538.16689 0.3282262387516983
540.83447 0.34617410346663186
540.83447 0.38505476638616065
543.50205 0.16349528525292106
543.50205 0.2188174925011322
551.06019 0.12077168346321335
566.62107 0.09088488823964395
579.51436 0.1087750457332612
589.74008 0.32102241737426535
602.18878 0.07680869153534266
625.3078 0.2976338561209318
640.86867 0.07532737839723797
666.21067 0.29237790577139733
668.87825 0.09267074255232609
673.76881 0.32277718617140716
679.10397 0.0582848335244205
691.99726 0.4523041915261494
709.78112 0.3093323147685441
717.33926 0.07532737839723797
717.33926 0.2420828896285554
735.12312 0.09236992327005544
763.57729 0.24383765842569724
766.24487 0.289160829643304
771.13543 0.0723647521210286
781.36115 0.08372396744136905
784.02873 0.3765733838666417
794.25445 0.2841889847180687
794.25445 0.4555212676542428
809.37073 0.11928664843280186
814.70588 0.18053783012573854
814.70588 0.2116752531866544
819.59644 0.2101752585647526
827.59918 0.10227652505132784
829.82216 0.25290258224676715
840.04788 0.26846009208917315
858.27633 0.18828669193332084
860.49932 0.2259821351917139
863.16689 0.15213606993258064
870.72503 0.13213089878355377
873.39261 0.18053783012573854
878.72777 0.0881679068556831
888.95349 0.17981366545569305
891.17647 0.20495699550616844
893.84405 0.06964777073706774
914.29549 0.11527774284236804
924.5212 0.06964777073706774
929.85636 0.2034946881752169
955.19836 0.04692561820408006
962.7565 0.17981366545569305
975.64979 0.10566778391619282
980.98495 0.03827966237539367
983.65253 0.19150376806141425
1008.99453 0.10058089561889536
1019.22025 0.03827966237539367
1026.77839 0.19325853685855612
1045.00684 0.16986997560522255
1047.22982 0.020005171149026835
1062.7907 0.07627826589642091
1090.80027 0.005679607660170223
1093.46785 0.19004146073046269
1116.58687 0.07627826589642091
1126.81259 0.01852385801092215
1141.92886 0.1104706751656937
1149.487 0.1511657815440733
1152.15458 0.18828669193332084
1154.82216 0.03976097551349835
1165.04788 0.07112908387517243
1180.60876 0.26815585952756776
1180.60876 0.30375990118147644
1185.49932 0.22265786189968725
1190.83447 0.08520528057947373
1190.83447 0.3396479398831817
1205.76835 0.0
1205.76835 0.0
1205.95075 0.31364968072827476
1208.61833 0.1999851505809332
1218.84405 0.23226782082586248
1223.73461 0.07680869153534266
1223.73461 0.2729587507770686
1236.62791 0.1528614109765058
1244.18605 0.10566778391619282
1246.85363 0.19150376806141425
1249.5212 0.03408136785332813
1254.78796 0.000488641979297046
1254.78796 0.070086
1267.30506 0.14777452267920832
1269.97264 0.12516752238916637
1271.31783 0.0012821631422580606
1271.31783 0.184401
1274.8632 0.19977104098902218
1274.8632 0.1999851505809332
1282.86594 0.011359215320340446
1291.26767 0.0019838029074025366
1291.26767 0.285255
1297.98222 0.2469604916221617
1305.54036 0.2924584892500422
1323.76881 0.20846653310045218
1323.76881 0.26335296827806687
1328.65937 0.18535819081334606
1333.99453 0.007160920798274907
1340.28728 0.001850157237851208
1340.28728 0.265599
1344.22025 0.12008063409186892
1356.66895 0.022722152532987688
1356.81715 0.001516043063972886
1356.81715 0.217521
1372.77702 0.001165223181400648
1372.77702 0.167307
1377.56498 0.21693955957807998
1379.78796 0.06977974521448754
1385.88691 0.0008060504444814519
1385.88691 0.115599
1402.90698 0.04208585662714813
1405.83675 0.0004301719988683396
1405.83675 0.061538999999999996
1412.1067 0.00012046904181900247
1412.1067 0.017307
1418.46785 0.1833148470080856
1420.69083 0.017042544872817464
1438.91929 0.14794372168284053
1441.14227 0.0
1466.92886 0.014325563488856613
1482.04514 0.035587335945214765
1491.33607 6.840987710158643e-05
1491.33607 0.009827999999999998
1492.27086 0.1125642403157043
1500.2736 0.01852385801092215
1535.84131 0.03417570356057886
1536.9357 0.00034357378142625195
1536.9357 0.0008394618618692841
1536.9357 0.049359
1536.9357 0.120513
1541.17647 0.07893952774570993
1561.62791 0.01852385801092215
1563.15549 0.0009313432596858226
1563.15549 0.13397399999999998
1589.63748 0.045314815175715575
1605.19836 0.17981366545569305
1605.19836 0.3613737436666368
1607.42134 0.015557509842405982
1610.08892 0.4689661390571059
1619.01505 0.0005220533966848782
1619.01505 0.0007684625999201406
1619.01505 0.075
1619.01505 0.11068499999999999
1625.64979 0.04067422424251223
1627.87278 0.11753608524093957
1638.39489 0.00029151461670883595
1638.39489 0.04188
1656.32695 0.06724942513998873
1663.88509 0.011359215320340446
1684.56452 7.734743125283154e-05
1684.56452 0.011111999999999999
1722.57182 0.011359215320340446
1722.57182 0.03897859481007974
1733.58413 0.00024093808363800494
1733.58413 0.034614
1743.84405 0.0007016397651444762
1743.84405 0.10085399999999999
1763.27751 0.037040732601585476
1766.64387 0.0013197509868193718
1766.64387 0.189318
1783.17373 0.0017373937041672742
1783.17373 0.249573
1786.59371 0.008642233936379593
1786.59371 0.040351326292371474
1810.27911 0.027284598724338468
1819.08345 0.0020882135867395127
1819.08345 0.3
1843.37207 0.027284598724338468
1854.99316 0.0014116323846359105
1854.99316 0.0018292751019838129
1854.99316 0.20277900000000001
1854.99316 0.263034
1865.73187 0.02017148512524016
1871.06703 0.002962626276209369
1895.64935 0.02188030196185661
1907.43274 0.000676581202103602
1907.43274 0.097221
1932.42134 0.0032170761280933976
1942.65095 0.009756133877247001
1945.31464 0.002962626276209369
1963.29229 3.4204938550793215e-05
1963.29229 0.004913999999999999
1989.65254 0.0
1991.10807 0.007160920798274907
1996.44323 0.0
