50.0 0.00614597762848349
52.22298 0.6870129262018364
57.55814 0.000299440051756515
57.55814 0.003294233020241398
60.22572 0.018508570153183593
62.4487 0.05685002507663443
72.67442 0.10143740615085
72.67442 0.6676594929738514
78.00958 0.011614584969507288
78.00958 0.15119470774944987
82.90014 0.009739650700481403
85.56772 0.015273601119640797
93.12585 0.013776204635398356
93.12585 0.20181472391831337
93.12585 0.6381297432264901
101.12859 0.24274113910395634
108.68673 0.6870129262018364
116.24487 0.017526269398909992
116.24487 0.27871092482133186
116.24487 0.72604962560505
121.58003 0.8176946800936583
123.80301 0.7650766240392272
126.47059 0.3183448598758788
142.03146 0.9700969036583916
144.25445 0.7593142484314963
149.5896 0.6948222062762864
152.25718 0.6245580875443091
157.14774 0.016471557552126724
162.4829 0.2860360400470759
162.4829 0.6968497088049325
170.04104 0.6479762267986228
172.70862 0.6910873331972016
177.59918 0.6381297432264901
180.26676 0.5933306682155456
187.8249 0.25394051127438977
195.82763 0.015351698852667725
200.71819 0.5777121080666454
208.27633 0.6323576666497226
216.27907 0.5661679549131106
218.50205 0.015507894318721582
218.50205 0.22292417157668287
221.16963 0.2205525023706076
226.50479 0.5875585916387781
238.95349 0.7026217853817
241.62107 0.755239841436131
246.95622 0.015052258800911211
251.84679 0.5542939688123318
251.84679 0.5875585916387781
251.84679 0.6422041502218553
257.18194 0.22550913183887503
259.40492 0.8041133234424408
259.40492 0.8607960855232006
262.0725 0.0130338837207228
262.0725 0.7301143316313786
269.63064 0.5111828624137529
269.63064 0.5444474852401991
290.08208 0.011679731822183017
290.08208 0.5074479893346682
298.08482 0.009661552967454473
302.97538 0.5641404523844645
305.64295 0.1819977563910399
308.31053 0.7223147525259652
310.53352 0.5407126121611143
310.53352 0.6537483033753901
328.76197 0.4955740032338894
341.21067 0.470448493429137
343.87825 0.15485885708662123
346.54583 0.008684938853698134
366.99726 0.46061171082604097
374.5554 0.007565080154239135
379.89056 0.12879277995998428
379.89056 0.43311916457636207
418.12585 0.006445417680240004
425.68399 0.4096913243530119
459.02873 0.10768651575021353
469.25445 0.005989585936969766
471.92202 0.417500604427462
484.81532 0.007643374112725931
487.0383 0.010117188485264847
502.59918 0.012278808151155915
502.59918 0.015507894318721582
512.8249 0.01736987770739627
512.8249 0.5054107858369854
515.49248 0.5855213881410954
520.38304 0.019622545986665463
538.16689 0.01401049783447914
538.16689 0.017304730854720538
540.83447 0.40189174524759846
540.83447 0.44703035417482345
543.50205 0.008619792001022404
543.50205 0.01153648723648036
551.06019 0.006367319947213076
566.62107 0.004791629504483839
579.51436 0.08291291875467263
589.74008 0.37269182844748094
602.18878 0.004049504815268151
625.3078 0.34553881611408255
640.86867 0.003971407082241223
666.21067 0.3394369065900712
668.87825 0.07063754095785875
673.76881 0.37472903194516355
679.10397 0.0030728907015118113
691.99726 0.5251037529812509
709.78112 0.3591201727653
717.33926 0.003971407082241223
717.33926 0.2810467739588727
735.12312 0.004869923462970635
763.57729 0.2830839774565553
766.24487 0.33570203351098643
771.13543 0.0038152116161873657
781.36115 0.004414091719700396
784.02873 0.43718387060269076
794.25445 0.329929956934219
794.25445 0.5288386260603356
809.37073 0.006289025988726281
814.70588 0.009518308381751816
814.70588 0.24574494763474375
819.59644 0.011080851718669987
827.59918 0.07795947273500396
829.82216 0.013333519997939181
840.04788 0.0141537424201818
858.27633 0.21859193530134538
860.49932 0.011914221246723668
863.16689 0.008020911897509374
870.72503 0.006966200050726106
873.39261 0.009518308381751816
878.72777 0.0046483849187811815
888.95349 0.2087551526982493
891.17647 0.2379453685293303
893.84405 0.003671967030484708
914.29549 0.08786954822294006
924.5212 0.003671967030484708
929.85636 0.2362476989479281
955.19836 0.0024740105979987816
962.7565 0.2087551526982493
975.64979 0.0805444329971961
980.98495 0.002018178854728543
983.65253 0.2223268083804302
1008.99453 0.07666699260390789
1019.22025 0.002018178854728543
1026.77839 0.22436401187811283
1045.00684 0.19721099954471444
1047.22982 0.0010547118467832686
1062.7907 0.058142505207730504
1090.80027 0.000299440051756515
1093.46785 0.220629138799028
1116.58687 0.058142505207730504
1126.81259 0.00097661411375634
1141.92886 0.08420539888576871
1149.487 0.11522492203207432
1152.15458 0.21859193530134538
1154.82216 0.0020962765877554712
1165.04788 0.0037500647635116367
1180.60876 0.2043996841805055
1180.60876 0.23153858348492415
1185.49932 0.16971919514562725
1190.83447 0.004492189452727324
1190.83447 0.25889395729405845
1205.76835 0.0
1205.76835 0.0
1205.95075 0.239076989766785
1208.61833 0.23217329195256287
1218.84405 0.17704431037137122
1223.73461 0.004049504815268151
1223.73461 0.2080606500690781
1236.62791 0.1165174021631704
1244.18605 0.0805444329971961
1246.85363 0.2223268083804302
1249.5212 0.0017968365359989564
1254.78796 0.00023362
1254.78796 0.0003724634860547782
1267.30506 0.11263996176988218
1269.97264 0.09540795450480088
1271.31783 0.0006146700000000001
1271.31783 0.0009773187198189477
1274.8632 0.1522738968244291
1274.8632 0.23217329195256287
1282.86594 0.00059888010351303
1291.26767 0.00095085
1291.26767 0.0015121380844104243
1297.98222 0.18824368254180462
1305.54036 0.22292417157668287
1323.76881 0.20073871829193288
1323.76881 0.24201977552469556
1328.65937 0.14128781571011254
1333.99453 0.0003775377847834435
1340.28728 0.0008853299999999999
1340.28728 0.0014102677292501431
1344.22025 0.09153051411151267
1356.66895 0.0011979564324859264
1356.81715 0.00072507
1356.81715 0.00115559184134944
1372.77702 0.00055769
1372.77702 0.0008881821590537018
1377.56498 0.2518565581277917
1379.78796 0.053189059188061834
1385.88691 0.00038533
1385.88691 0.0006144055795604461
1402.90698 0.032079611529692305
1405.83675 0.00020513
1405.83675 0.0003278952056721552
1412.1067 5.769e-05
1412.1067 9.182657483119723e-05
1418.46785 0.21281985872457795
1420.69083 0.0008985163807294115
1438.91929 0.17175565679271826
1441.14227 0.0
1466.92886 0.0007552717950267537
1482.04514 0.02712616551002363
1491.33607 3.276e-05
1491.33607 5.2144888047668944e-05
1492.27086 0.13068175389182193
1500.2736 0.00097661411375634
1535.84131 0.026050159883643162
1536.9357 0.00016453000000000003
1536.9357 0.0002618863989768917
1536.9357 0.00040171
1536.9357 0.0006398731683505164
1541.17647 0.09164505448860825
1561.62791 0.00097661411375634
1563.15549 0.00044657999999999997
1563.15549 0.0007099090375232098
1589.63748 0.052608355085394576
1605.19836 0.2087551526982493
1605.19836 0.41953780792514467
1607.42134 0.0008202224222426163
1610.08892 0.5444474852401991
1619.01505 0.00025
1619.01505 0.00036895
1619.01505 0.0003979310748448485
1619.01505 0.000585754542171617
1625.64979 0.03100360590331184
1627.87278 0.13645383046858936
1638.39489 0.0001396
1638.39489 0.0002222047121933634
1656.32695 0.07807339880642736
1663.88509 0.00059888010351303
1684.56452 3.704e-05
1684.56452 5.8957468049012753e-05
1722.57182 0.00059888010351303
1722.57182 0.029711125772215765
1733.58413 0.00011538
1733.58413 0.00018365314966239447
1743.84405 0.00033618
1743.84405 0.0005348193645914764
1763.27751 0.028234005622391693
1766.64387 0.00063106
1766.64387 0.001005969757207777
1783.17373 0.00083191
1783.17373 0.0013243146170836557
1786.59371 0.0004556355178103721
1786.59371 0.04684597947766373
1810.27911 0.02079746969569116
1819.08345 0.001
1819.08345 0.001591724299379394
1843.37207 0.02079746969569116
1854.99316 0.00067593
1854.99316 0.0008767800000000001
1854.99316 0.0010760056263804704
1854.99316 0.0013943504862563491
1865.73187 0.023418139254313575
1871.06703 0.00015619546605385708
1895.64935 0.01667808720889729
1907.43274 0.00032407000000000003
1907.43274 0.0005157186729989236
1932.42134 0.003734873079084808
1942.65095 0.007436535926700528
1945.31464 0.00015619546605385708
1963.29229 1.638e-05
1963.29229 2.6072444023834472e-05
1989.65254 0.0
1991.10807 0.0003775377847834435
1996.44323 0.0
