50.0 0.19662589147516676
52.22298 0.5442855839504555
57.55814 0.00957987006772148
57.55814 0.10539112627582452
60.22572 0.042744299359534034
62.4487 0.13129131371905034
72.67442 0.23426287492125772
72.67442 0.5289528379362338
78.00958 0.3491740202582919
78.00958 0.37158093663724406
82.90014 0.31159688781871275
85.56772 0.4886424288736808
93.12585 0.4407368007696293
93.12585 0.46607754693802206
93.12585 0.5055579111857124
101.12859 0.5605943533649518
108.68673 0.5442855839504555
116.24487 0.560711176172136
116.24487 0.5752123859360333
116.24487 0.643664157022223
121.58003 0.6478181260845802
123.80301 0.6061315023346364
126.47059 0.7351960674154461
142.03146 0.7685586974547162
144.25445 0.6015662636717554
149.5896 0.5504724814649659
152.25718 0.4948057750083208
157.14774 0.5269681869100109
162.4829 0.5520787691426463
162.4829 0.6605810185334525
170.04104 0.5133587819648777
172.70862 0.5475135304797653
177.59918 0.5055579111857124
180.26676 0.4700658705372535
187.8249 0.5864585510166271
195.82763 0.49114097952043906
200.71819 0.4576920755082326
208.27633 0.5009849869358568
216.27907 0.4485462270085215
218.50205 0.4961380808139556
218.50205 0.5148283981683403
221.16963 0.5093511874660952
226.50479 0.46549294628739796
238.95349 0.5566516933925019
241.62107 0.5983383171424457
246.95622 0.48156110945271763
251.84679 0.4391390685516757
251.84679 0.46549294628739796
251.84679 0.5087858577150222
257.18194 0.5207981902357537
259.40492 0.6370583043202142
259.40492 0.6819651890124933
262.0725 0.4169880140945373
262.0725 0.5784326468783685
269.63064 0.4049843200367881
269.63064 0.43133819777251037
290.08208 0.37366515476469064
290.08208 0.40202536905158753
298.08482 0.30909833717195445
302.97538 0.4469399393308411
305.64295 0.42031159174141053
308.31053 0.5722534349508326
310.53352 0.4283792467873097
310.53352 0.5179317062147333
328.76197 0.3926182105947418
341.21067 0.3727125403306646
343.87825 0.35763612699424374
346.54583 0.27785389855658765
366.99726 0.3649193551384738
374.5554 0.24202669116701586
379.89056 0.297438272994267
379.89056 0.3431384016526071
418.12585 0.20620576154288825
425.68399 0.3245777091090757
459.02873 0.24869477372462295
469.25445 0.1916225124162061
471.92202 0.3307646066235862
484.81532 0.2445315195792183
487.0383 0.32367530853319254
502.59918 0.39283117266557777
502.59918 0.4961380808139556
512.8249 0.4004113957869325
512.8249 0.5557077971131753
515.49248 0.46387897302274306
520.38304 0.6277765444116304
538.16689 0.44823245270990414
538.16689 0.5536235789857287
540.83447 0.3183984971815398
540.83447 0.35415953337410777
543.50205 0.275769680429141
543.50205 0.36908238599048576
551.06019 0.20370721089612998
566.62107 0.15329675437987603
579.51436 0.19148181575835294
589.74008 0.29526488038815285
602.18878 0.12955424547022817
625.3078 0.2737529224463954
640.86867 0.12705569482346987
666.21067 0.2689186882394052
668.87825 0.16313265539881333
673.76881 0.29687885365280775
679.10397 0.09830980685486132
691.99726 0.41601313734526335
709.78112 0.2845127442107614
717.33926 0.12705569482346987
717.33926 0.22265914023960584
735.12312 0.15580158279207845
763.57729 0.22427311350426074
766.24487 0.2659597372542046
771.13543 0.1220585935299533
781.36115 0.14121833366539627
784.02873 0.3463586625949424
794.25445 0.26138681300434896
794.25445 0.41897208833046395
809.37073 0.20120238248392755
814.70588 0.19469128923922868
814.70588 0.30451556839774957
819.59644 0.3545054146292477
827.59918 0.1800421649493686
829.82216 0.42657416192770287
840.04788 0.4528152214841091
858.27633 0.1731793312974712
860.49932 0.38116708447040965
863.16689 0.25660994029369805
870.72503 0.22286695103157292
873.39261 0.30451556839774957
878.72777 0.14871398560567112
888.95349 0.16538614610528038
891.17647 0.18851207731169278
893.84405 0.1174758247557484
914.29549 0.20292881852801142
924.5212 0.1174758247557484
929.85636 0.18716709959114702
955.19836 0.07915006671941836
962.7565 0.16538614610528038
975.64979 0.18601195701678203
980.98495 0.06456681759273619
983.65253 0.17613828228267184
1008.99453 0.17705726891566187
1019.22025 0.06456681759273619
1026.77839 0.17775225554732677
1045.00684 0.15624029760556926
1047.22982 0.033742989262125135
1062.7907 0.13427620975275706
1090.80027 0.00957987006772148
1093.46785 0.1747933045621261
1116.58687 0.13427620975275706
1126.81259 0.031244438615366847
1141.92886 0.19446671179205965
1149.487 0.2661042166010207
1152.15458 0.1731793312974712
1154.82216 0.06706536823949448
1165.04788 0.11997437540250669
1180.60876 0.4720473390054355
1180.60876 0.5347228037526022
1185.49932 0.3919550794211968
1190.83447 0.14371688431215454
1190.83447 0.5978982018256115
1205.76835 0.0
1205.76835 0.0
1205.95075 0.552132246629
1208.61833 0.18393915306183722
1218.84405 0.4088719409324262
1223.73461 0.12955424547022817
1223.73461 0.48050209378071307
1236.62791 0.2690891126347274
1244.18605 0.18601195701678203
1246.85363 0.17613828228267184
1249.5212 0.057485498171773
1254.78796 0.00023362
1254.78796 0.0008601793988760719
1267.30506 0.26013442453360724
1269.97264 0.2203382614044092
1271.31783 0.0006146700000000001
1271.31783 0.0022570519269654193
1274.8632 0.18393915306183722
1274.8632 0.3516663349268303
1282.86594 0.01915974013544296
1291.26767 0.00095085
1291.26767 0.0034921813202233687
1297.98222 0.43473613858410154
1305.54036 0.5148283981683403
1323.76881 0.19174002384100258
1323.76881 0.4635925842301578
1328.65937 0.3262947186403233
1333.99453 0.01207842071447977
1340.28728 0.0008853299999999999
1340.28728 0.003256918578650426
1344.22025 0.21138357330328905
1356.66895 0.03832575803633004
1356.81715 0.00072507
1356.81715 0.0026687617247180694
1372.77702 0.00055769
1372.77702 0.0020511970280890947
1377.56498 0.19953320903319344
1379.78796 0.12283655894377274
1385.88691 0.00038533
1385.88691 0.001418928410111811
1402.90698 0.0740857077134545
1405.83675 0.00020513
1405.83675 0.0007572519494379095
1412.1067 5.769e-05
1412.1067 0.0002120673056459854
1418.46785 0.16860640704761562
1420.69083 0.028745887968608556
1438.91929 0.13607331738435752
1441.14227 0.0
1466.92886 0.024163119194403657
1482.04514 0.06264605690447016
1491.33607 3.276e-05
1491.33607 0.00012042511584265006
1492.27086 0.10353254213412481
1500.2736 0.031244438615366847
1535.84131 0.06016109419660595
1536.9357 0.00016453000000000003
1536.9357 0.00040171
1536.9357 0.0006048090448593167
1536.9357 0.0014777440955050466
1541.17647 0.07260574014854704
1561.62791 0.031244438615366847
1563.15549 0.00044657999999999997
1563.15549 0.0016394872303364448
1589.63748 0.041678938162969255
1605.19836 0.16538614610528038
1605.19836 0.3323785798882411
1607.42134 0.02624105955640615
1610.08892 0.43133819777251037
1619.01505 0.00025
1619.01505 0.00036895
1619.01505 0.0009189950842693076
1619.01505 0.0013527607640444208
1625.64979 0.0716007450055903
1627.87278 0.10810546638398039
1638.39489 0.0001396
1638.39489 0.0005131668550559814
1656.32695 0.06185360397115555
1663.88509 0.01915974013544296
1684.56452 3.704e-05
1684.56452 0.00013615831168534062
1722.57182 0.01915974013544296
1722.57182 0.06861584897188358
1733.58413 0.00011538
1733.58413 0.0004241346112919708
1743.84405 0.00033618
1743.84405 0.0012351293932579494
1763.27751 0.06520453921907592
1766.64387 0.00063106
1766.64387 0.0023232195730328096
1783.17373 0.00083191
1783.17373 0.0030584156404482553
1786.59371 0.01457697136123806
1786.59371 0.03711369950008824
1810.27911 0.048030359084251094
1819.08345 0.001
1819.08345 0.0036759803370772304
1843.37207 0.048030359084251094
1854.99316 0.00067593
1854.99316 0.0008767800000000001
1854.99316 0.002484962707864208
1854.99316 0.003220158775279654
1865.73187 0.018553006956556848
1871.06703 0.0049971012935165786
1895.64935 0.03851692197189522
1907.43274 0.00032407000000000003
1907.43274 0.0011910176292130226
1932.42134 0.0029589509852006573
1942.65095 0.01717418013482482
1945.31464 0.0049971012935165786
1963.29229 1.638e-05
1963.29229 6.021255792132503e-05
1989.65254 0.0
1991.10807 0.01207842071447977
1996.44323 0.0
