50.0 0.17417939806189794
52.22298 0.2740735637487182
57.55814 0.008486247611585078
57.55814 0.09335984593924661
60.22572 0.018039037216485487
62.4487 0.055407830514619505
72.67442 0.09886410076816193
72.67442 0.26635280011637813
78.00958 0.1473591388991678
78.00958 0.32916185853848023
82.90014 0.27602549161272966
85.56772 0.4328598003557981
93.12585 0.1966950059062775
93.12585 0.25457234673450185
93.12585 0.3904230011919673
101.12859 0.23658318314314325
108.68673 0.2740735637487182
116.24487 0.2716404727043867
116.24487 0.2896466729499897
116.24487 0.49670129614937386
121.58003 0.326207101037567
123.80301 0.30521591209430254
126.47059 0.3102689579718866
142.03146 0.3870056958566461
144.25445 0.30291709826091406
149.5896 0.2771889596003642
152.25718 0.24915813704946735
157.14774 0.46681035190804376
162.4829 0.2779978015047046
162.4829 0.2787797614273198
170.04104 0.2585004545474468
172.70862 0.2756989876713161
177.59918 0.25457234673450185
180.26676 0.23670042369984193
187.8249 0.2474984450845942
195.82763 0.43507312050613284
200.71819 0.2304696319965499
208.27633 0.2522696628441548
216.27907 0.22586426421585581
218.50205 0.2172689405093933
218.50205 0.43949976080680236
221.16963 0.21495743677250276
226.50479 0.23439773980949488
238.95349 0.28030048539505165
241.62107 0.30129167433831616
246.95622 0.4265868728945478
251.84679 0.22112731449857045
251.84679 0.23439773980949488
251.84679 0.25619777065709975
257.18194 0.21978832444812502
259.40492 0.32078902129557396
259.40492 0.3434017641044778
262.0725 0.29126822681562897
262.0725 0.3693853375519762
269.63064 0.2039287813747011
269.63064 0.2171992066856255
290.08208 0.20243880944565304
290.08208 0.331008145699061
298.08482 0.27381217146239484
302.97538 0.22505542231151543
305.64295 0.17738076327252755
308.31053 0.2881567010209416
310.53352 0.2157092347565774
310.53352 0.26080313843779385
328.76197 0.19770185972836768
341.21067 0.18767841220568054
343.87825 0.15093033460542424
346.54583 0.24613454737139948
366.99726 0.18375417444969416
374.5554 0.21439731596948858
379.89056 0.12552551232668616
379.89056 0.17278643302911678
418.12585 0.182665645673483
425.68399 0.1634402454741788
459.02873 0.10495468041315008
469.25445 0.16974719665532303
471.92202 0.1665556413258248
484.81532 0.2166161972257287
487.0383 0.2867250593746495
502.59918 0.3479862020281365
502.59918 0.43949976080680236
512.8249 0.20162609748435403
512.8249 0.49226909474279895
515.49248 0.23358502784819593
520.38304 0.5561105905363748
538.16689 0.3970629616429716
538.16689 0.4904228075822182
540.83447 0.16032871967949136
540.83447 0.1783360947077011
543.50205 0.24428826021081873
543.50205 0.32694853838814547
551.06019 0.18045232552314824
566.62107 0.13579664510307735
579.51436 0.08080955010377787
589.74008 0.14867984823420632
602.18878 0.11476454256899167
625.3078 0.13784755880717878
640.86867 0.1125512224186569
666.21067 0.13541329298024046
668.87825 0.06884557908438191
673.76881 0.14949256019550528
679.10397 0.08708691847799628
691.99726 0.209482313110244
709.78112 0.14326563854917185
717.33926 0.11211942014662896
717.33926 0.1125512224186569
735.12312 0.1380155263593175
763.57729 0.11293213210792791
766.24487 0.1339233210511924
771.13543 0.10812458211798735
781.36115 0.12509707734115752
784.02873 0.17440798689475615
794.25445 0.13162063716084535
794.25445 0.21097228503929205
809.37073 0.17823344426690813
814.70588 0.09803628287440559
814.70588 0.2697525641514793
819.59644 0.3140356504758908
827.59918 0.0759817651177353
829.82216 0.37787714626946667
840.04788 0.40112256895388715
858.27633 0.08720399344737807
860.49932 0.3376536672559707
863.16689 0.22731576498764858
870.72503 0.19742482074631842
873.39261 0.2697525641514793
878.72777 0.1317370377921618
888.95349 0.08327975569139168
891.17647 0.09492475707971816
893.84405 0.10406497480707182
914.29549 0.08564043777940013
924.5212 0.10406497480707182
929.85636 0.09424749711196903
955.19836 0.07011442325482613
962.7565 0.08327975569139168
975.64979 0.07850114905646703
980.98495 0.05719597423666615
983.65253 0.08869396537642615
1008.99453 0.07472207314836944
1019.22025 0.05719597423666615
1026.77839 0.08950667733772512
1045.00684 0.07867438791069759
1047.22982 0.029890944241330146
1062.7907 0.056667522483985364
1090.80027 0.008486247611585078
1093.46785 0.08801670540867702
1116.58687 0.056667522483985364
1126.81259 0.027677624090995376
1141.92886 0.08206924207314373
1149.487 0.11230184933792435
1152.15458 0.08720399344737807
1154.82216 0.05940929438700092
1165.04788 0.1062782949574066
1180.60876 0.19921438984500922
1180.60876 0.22566481851211254
1185.49932 0.1654136895635519
1190.83447 0.12731039749149228
1190.83447 0.25232623007063676
1205.76835 0.0
1205.76835 0.0
1205.95075 0.23301198743688684
1208.61833 0.09262207318937112
1218.84405 0.172552978286485
1223.73461 0.11476454256899167
1223.73461 0.2027824828616859
1236.62791 0.11356154130729021
1244.18605 0.07850114905646703
1246.85363 0.08869396537642615
1249.5212 0.05092304677541584
1254.78796 0.00023362
1254.78796 0.0003630146808271073
1267.30506 0.10978246539919262
1269.97264 0.09298760670417441
1271.31783 0.0006146700000000001
1271.31783 0.0009525257009736917
1274.8632 0.09262207318937112
1274.8632 0.1484109506666925
1282.86594 0.016972495223170157
1291.26767 0.00095085
1291.26767 0.0014737775503664613
1297.98222 0.18346824022793595
1305.54036 0.2172689405093933
1323.76881 0.09655018100231608
1323.76881 0.1956462968283325
1328.65937 0.13770356892708271
1333.99453 0.010699567761919852
1340.28728 0.0008853299999999999
1340.28728 0.0013744914838154576
1344.22025 0.08920853079607682
1356.66895 0.03395055155224568
1356.81715 0.00072507
1356.81715 0.0011262763174379484
1372.77702 0.00055769
1372.77702 0.0008656503927415636
1377.56498 0.10047441875830247
1379.78796 0.05183973749794281
1385.88691 0.00038533
1385.88691 0.0005988190888857411
1402.90698 0.03126580289482701
1405.83675 0.00020513
1405.83675 0.0003195770267110432
1412.1067 5.769e-05
1412.1067 8.949708092699068e-05
1418.46785 0.08490130955703103
1420.69083 0.0254643039406606
1438.91929 0.0685193584514192
1441.14227 0.0
1466.92886 0.021404696629745066
1482.04514 0.026438017908784455
1491.33607 3.276e-05
1491.33607 5.0822055315795024e-05
1492.27086 0.0521335372888488
1500.2736 0.027677624090995376
1535.84131 0.02538930883083948
1536.9357 0.00016453000000000003
1536.9357 0.00025524275827557247
1536.9357 0.00040171
1536.9357 0.0006236406055234921
1541.17647 0.03656042808757736
1561.62791 0.027677624090995376
1563.15549 0.00044657999999999997
1563.15549 0.0006918997762773071
1589.63748 0.02098731888630592
1605.19836 0.08327975569139168
1605.19836 0.16736835328712377
1607.42134 0.023245422684420463
1610.08892 0.2171992066856255
1619.01505 0.00025
1619.01505 0.00036895
1619.01505 0.00038783619746485823
1619.01505 0.0005708948826682713
1625.64979 0.030217093816882035
1627.87278 0.054436221179195846
1638.39489 0.0001396
1638.39489 0.00021656773266437684
1656.32695 0.031146218402542877
1663.88509 0.016972495223170157
1684.56452 3.704e-05
1684.56452 5.74618110163934e-05
1722.57182 0.016972495223170157
1722.57182 0.028957401847516172
1733.58413 0.00011538
1733.58413 0.00017899416185398136
1743.84405 0.00033618
1743.84405 0.0005212518493927695
1763.27751 0.027517753882526624
1766.64387 0.00063106
1766.64387 0.0009804499071911616
1783.17373 0.00083191
1783.17373 0.0012907188651630481
1786.59371 0.012912887912254624
1786.59371 0.018688505052917442
1810.27911 0.02026987102430335
1819.08345 0.001
1819.08345 0.001551344789859433
1843.37207 0.02026987102430335
1854.99316 0.00067593
1854.99316 0.0008767800000000001
1854.99316 0.0010487090779449767
1854.99316 0.0013589780359168633
1865.73187 0.009342317497979438
1871.06703 0.004426640300669543
1895.64935 0.01625499070814714
1907.43274 0.00032407000000000003
1907.43274 0.0005026357119144563
1932.42134 0.0014899719290480877
1942.65095 0.00724788285822327
1945.31464 0.004426640300669543
1963.29229 1.638e-05
1963.29229 2.5411027657897512e-05
1989.65254 0.0
1991.10807 0.010699567761919852
1996.44323 0.0
