50.0 0.2551082511644266
52.22298 0.33007771620900705
57.55814 0.012429206962642157
57.55814 0.13673756650644595
60.22572 0.04235038106501276
62.4487 0.1300813734191603
72.67442 0.23210398043611397
72.67442 0.3207792928503466
78.00958 0.3459561400587747
78.00958 0.4821001049271227
82.90014 0.4042750246335147
85.56772 0.6339791496403523
93.12585 0.30659162332465134
93.12585 0.46178231985147644
93.12585 0.5718249698684504
101.12859 0.5554280885084775
108.68673 0.33007771620900705
116.24487 0.34883303229685136
116.24487 0.6377323464468295
116.24487 0.7274832754143575
121.58003 0.39286421298319946
123.80301 0.3675836875208567
126.47059 0.7284207269524039
142.03146 0.4660863838927506
144.25445 0.3648151344005337
149.5896 0.33382971159934366
152.25718 0.30007107481399176
157.14774 0.6837041224496121
162.4829 0.3348038321416795
162.4829 0.6544933073740045
170.04104 0.3113224001211628
172.70862 0.3320352790213566
177.59918 0.30659162332465134
180.26676 0.28506775411648416
187.8249 0.5810539296826631
195.82763 0.6372208431994162
200.71819 0.27756376333581084
208.27633 0.3038184093404895
216.27907 0.2720173353674871
218.50205 0.5100838982556903
218.50205 0.6437042303175441
221.16963 0.504657163839895
226.50479 0.28229454013232225
238.95349 0.33757704612584144
241.62107 0.36285757158818416
246.95622 0.6247916362367741
251.84679 0.26631243802863985
251.84679 0.28229454013232225
251.84679 0.3085491861370009
257.18194 0.5159986745585439
259.40492 0.38633900360870094
259.40492 0.4135724310195544
262.0725 0.3507859342453619
262.0725 0.5410125911399607
269.63064 0.24559955912844597
269.63064 0.2615816612321284
290.08208 0.24380512655045894
290.08208 0.48480423121257304
298.08482 0.40103333107445077
302.97538 0.27104321482515126
305.64295 0.4164381295986893
308.31053 0.34703859971886425
310.53352 0.25978722865414133
310.53352 0.31409561410532466
328.76197 0.23810022921161164
341.21067 0.2260285918687894
343.87825 0.3543402626259969
346.54583 0.36049587166876923
366.99726 0.2213024759361169
374.5554 0.31401259241857343
379.89056 0.20809358781659634
379.89056 0.294697173503134
418.12585 0.26753745812706875
425.68399 0.19683760164558642
459.02873 0.24640287930618968
469.25445 0.2486167190876076
471.92202 0.20058959703592305
484.81532 0.3172624309363285
487.0383 0.41994592515522083
502.59918 0.5096707900965485
502.59918 0.6437042303175441
512.8249 0.2428263451442841
512.8249 0.7209917433375385
515.49248 0.2813157587261475
520.38304 0.8144958691115437
538.16689 0.5815500505456421
538.16689 0.7182876170520882
540.83447 0.1930902671190887
540.83447 0.21477726656161839
543.50205 0.3577917453833189
543.50205 0.4788584113680588
551.06019 0.2642957645680048
566.62107 0.19889174627834785
579.51436 0.1897171783347536
589.74008 0.17906106696391694
602.18878 0.16808751250854928
625.3078 0.16601530907875883
640.86867 0.16484581894948533
666.21067 0.16308362572407342
668.87825 0.16162927510346892
673.76881 0.1800398483700917
679.10397 0.12755005310286774
691.99726 0.252287898737307
709.78112 0.17254051845325735
717.33926 0.1350298862775688
717.33926 0.16484581894948533
735.12312 0.20214158479610292
763.57729 0.13600866768374356
766.24487 0.16128919314608636
771.13543 0.15836243183135743
781.36115 0.18322084575664177
784.02873 0.21004648976510698
794.25445 0.15851597916192448
794.25445 0.25408233131529406
809.37073 0.2610459260502498
814.70588 0.11806900276771158
814.70588 0.3950875112299365
819.59644 0.4599458172872887
827.59918 0.1783829518233742
829.82216 0.5534499430612939
840.04788 0.5874958703901565
858.27633 0.10502324488255349
860.49932 0.49453745684845596
863.16689 0.3329333314580346
870.72503 0.2891541784932891
873.39261 0.3950875112299365
878.72777 0.19294592643383357
888.95349 0.10029712894988099
891.17647 0.11432166824121387
893.84405 0.15241661198684317
914.29549 0.20105868905340252
924.5212 0.15241661198684317
929.85636 0.11350601706940155
955.19836 0.10269163917758342
962.7565 0.10029712894988099
975.64979 0.18429772812622772
980.98495 0.08377090013812227
983.65253 0.10681767746054058
1008.99453 0.17542556367194742
1019.22025 0.08377090013812227
1026.77839 0.10779645886671536
1045.00684 0.09475070098155727
1047.22982 0.04377915296474547
1062.7907 0.13303876157058706
1090.80027 0.012429206962642157
1093.46785 0.10600202628872826
1116.58687 0.13303876157058706
1126.81259 0.040537459405681535
1141.92886 0.19267456648618037
1149.487 0.26365188212042256
1152.15458 0.10502324488255349
1154.82216 0.08701259369718621
1165.04788 0.15565830554590712
1180.60876 0.46769709615432997
1180.60876 0.5297949631270223
1185.49932 0.3883429421601351
1190.83447 0.1864625393157057
1190.83447 0.5923881561940425
1205.76835 0.0
1205.76835 0.0
1205.95075 0.5470439659412554
1208.61833 0.111548454257052
1218.84405 0.40510390308730987
1223.73461 0.16808751250854928
1223.73461 0.4760739345142826
1236.62791 0.26660927027184933
1244.18605 0.18429772812622772
1246.85363 0.10681767746054058
1249.5212 0.07458338673454405
1254.78796 0.00023362
1254.78796 0.0008522522505343125
1267.30506 0.25773710581756903
1269.97264 0.21830769186763546
1271.31783 0.0006146700000000001
1271.31783 0.0022362516317438797
1274.8632 0.111548454257052
1274.8632 0.34842548632314335
1282.86594 0.024858413925284314
1291.26767 0.00095085
1291.26767 0.0034599984530239184
1297.98222 0.43072974426149546
1305.54036 0.5100838982556903
1323.76881 0.11627923105356341
1323.76881 0.4593202577943773
1328.65937 0.3232876870360159
1333.99453 0.0156709005217061
1340.28728 0.0008853299999999999
1340.28728 0.0032269038203991494
1344.22025 0.20943552741335517
1356.66895 0.04972497280925974
1356.81715 0.00072507
1356.81715 0.0026441672388372263
1372.77702 0.00055769
1372.77702 0.0020322938281972067
1377.56498 0.12100534698623591
1379.78796 0.12170453505920764
1385.88691 0.00038533
1385.88691 0.0014058520030181395
1402.90698 0.07340295665499375
1405.83675 0.00020513
1405.83675 0.0007502733487609761
1412.1067 5.769e-05
1412.1067 0.0002101129586894209
1418.46785 0.10225003089839162
1420.69083 0.03729576584661758
1438.91929 0.0825205942682115
1441.14227 0.0
1466.92886 0.03134994600210332
1482.04514 0.06206873014361433
1491.33607 3.276e-05
1491.33607 0.00011931531507480375
1492.27086 0.06278649677419243
1500.2736 0.040537459405681535
1535.84131 0.05960666808651521
1536.9357 0.00016453000000000003
1536.9357 0.00040171
1536.9357 0.0005992353110273951
1536.9357 0.0014641256611743318
1541.17647 0.04403118068634815
1561.62791 0.040537459405681535
1563.15549 0.00044657999999999997
1563.15549 0.0016243782211038608
1589.63748 0.025275864598503863
1605.19836 0.10029712894988099
1605.19836 0.20156837844209785
1607.42134 0.034045927328862524
1610.08892 0.2615816612321284
1619.01505 0.00025
1619.01505 0.00036895
1619.01505 0.0009105259086905049
1619.01505 0.0013402941375924233
1625.64979 0.07094089459789461
1627.87278 0.0655597107583543
1638.39489 0.0001396
1638.39489 0.000508437667412778
1656.32695 0.03751063217568856
1663.88509 0.024858413925284314
1684.56452 3.704e-05
1684.56452 0.0001349035186315852
1722.57182 0.024858413925284314
1722.57182 0.06798350644646785
1733.58413 0.00011538
1733.58413 0.0004202259173788418
1743.84405 0.00033618
1743.84405 0.0012237468212800385
1763.27751 0.0646036342734087
1766.64387 0.00063106
1766.64387 0.0023018094971695964
1783.17373 0.00083191
1783.17373 0.003030230224122
1786.59371 0.018912594080770045
1786.59371 0.022507311478180924
1810.27911 0.04758772609180054
1819.08345 0.001
1819.08345 0.0036421036347620197
1843.37207 0.04758772609180054
1854.99316 0.00067593
1854.99316 0.0008767800000000001
1854.99316 0.0024620620570991254
1854.99316 0.003190482784051529
1865.73187 0.011251325307171
1871.06703 0.006483387118127888
1895.64935 0.03816196188503644
1907.43274 0.00032407000000000003
1907.43274 0.0011800415776628942
1932.42134 0.00179443257798709
1942.65095 0.017015908181608155
1945.31464 0.006483387118127888
1963.29229 1.638e-05
1963.29229 5.9657657537401875e-05
1989.65254 0.0
1991.10807 0.0156709005217061
1996.44323 0.0
