50.0 0.18936689987973207
52.22298 0.6060573483465799
57.55814 0.009226202522795286
57.55814 0.10150031975929702
60.22572 0.046088898401204025
62.4487 0.14156442168020322
72.67442 0.25259316454350966
72.67442 0.5889844666347309
78.00958 0.35786299300409763
78.00958 0.37649572422889305
82.90014 0.3000934221618244
85.56772 0.4706028347095784
93.12585 0.4244657760913276
93.12585 0.502546562460325
93.12585 0.5629344155415641
101.12859 0.6044589941503626
108.68673 0.6060573483465799
116.24487 0.5400109637801485
116.24487 0.6404940781753918
116.24487 0.6940287332345051
121.58003 0.7213399496199214
123.80301 0.6749222501687594
126.47059 0.7927227107190236
142.03146 0.8557835444535786
144.25445 0.669838895914705
149.5896 0.6129464058794312
152.25718 0.5509620037546584
157.14774 0.5075136908050341
162.4829 0.6147349934873392
162.4829 0.7122692828081498
170.04104 0.5716206185177679
172.70862 0.6096516392332848
177.59918 0.5629344155415641
180.26676 0.5234143314586978
187.8249 0.6323469791134579
195.82763 0.4730091444108055
200.71819 0.5096362163929952
208.27633 0.5578425034520652
216.27907 0.49945239221399756
218.50205 0.47782176381325964
218.50205 0.5551120054081035
221.16963 0.5492062212132467
226.50479 0.518322419369199
238.95349 0.619826905576838
241.62107 0.666244605028
246.95622 0.4637829418880102
251.84679 0.48897760162988574
251.84679 0.518322419369199
251.84679 0.566528706428269
257.18194 0.561548913819142
259.40492 0.7093589799975712
259.40492 0.7593624124999939
262.0725 0.4015937419211214
262.0725 0.6440798112266523
269.63064 0.4509465809143687
269.63064 0.4802913986536819
290.08208 0.3598702664232116
290.08208 0.4476518142682225
298.08482 0.2976871124605973
302.97538 0.49766380460608955
305.64295 0.45319957371806574
308.31053 0.6371993115292456
310.53352 0.47699663200753567
310.53352 0.5767125306072667
328.76197 0.43717702368411065
341.21067 0.41501222988276293
343.87825 0.385619962629269
346.54583 0.26759614918670993
366.99726 0.4063345847420037
374.5554 0.23309160279248142
379.89056 0.32071182707559537
379.89056 0.3820816790921892
418.12585 0.19859310240252734
425.68399 0.3614145064936353
459.02873 0.2681543113549241
469.25445 0.18454823447300348
471.92202 0.3683035640264866
484.81532 0.23550395849798292
487.0383 0.3117259343858467
502.59918 0.37832871747307667
502.59918 0.47782176381325964
512.8249 0.4458546688248699
512.8249 0.5351922983734199
515.49248 0.5165252739258465
520.38304 0.6046004274439899
538.16689 0.4316847051950088
538.16689 0.5331850249543058
540.83447 0.35453400679622854
540.83447 0.39435361511965356
543.50205 0.2655888757675959
543.50205 0.35545668330287056
551.06019 0.1961867927013003
566.62107 0.1476373783775479
579.51436 0.2064646300067697
589.74008 0.3287749221081759
602.18878 0.12477139021161619
625.3078 0.3048215406989202
640.86867 0.12236508051038911
666.21067 0.29943866220430715
668.87825 0.17589724228144413
673.76881 0.33057206755152835
679.10397 0.09468042693772881
691.99726 0.4632270747772776
709.78112 0.31680251032127027
717.33926 0.12236508051038911
717.33926 0.2479290506636463
735.12312 0.15004973408304942
763.57729 0.24972619610699878
766.24487 0.2961438955581609
771.13543 0.11755246110793495
781.36115 0.13600486615352553
784.02873 0.38566741214344974
794.25445 0.2910519834686621
794.25445 0.4665218414234238
809.37073 0.19377443699579877
814.70588 0.21678708748098052
814.70588 0.2932735293402562
819.59644 0.3414178613776211
827.59918 0.19412986462798168
829.82216 0.4108259904481911
840.04788 0.43609828831534997
858.27633 0.19283370607172487
860.49932 0.36709524153116735
863.16689 0.2471364707220053
870.72503 0.21463919774689086
873.39261 0.2932735293402562
878.72777 0.14322379525720677
888.95349 0.18415606093096556
891.17647 0.20990658778357377
893.84405 0.11313887798759382
914.29549 0.21880732261266486
924.5212 0.11313887798759382
929.85636 0.20840896658078
955.19836 0.07622802189213825
962.7565 0.18415606093096556
975.64979 0.20056677303902015
980.98495 0.06218315396261436
983.65253 0.19612847271787115
1008.99453 0.19091141042246243
1019.22025 0.06218315396261436
1026.77839 0.19792561816122367
1045.00684 0.173972236751968
1047.22982 0.032497272975114455
1062.7907 0.14478287588572247
1090.80027 0.009226202522795286
1093.46785 0.1946308515150774
1116.58687 0.14478287588572247
1126.81259 0.03009096327388738
1141.92886 0.20968308421228893
1149.487 0.2869259851447506
1152.15458 0.19283370607172487
1154.82216 0.06458946366384144
1165.04788 0.11554518768882091
1180.60876 0.5089834708713635
1180.60876 0.5765630819601602
1185.49932 0.42262425876563303
1190.83447 0.1384111758547526
1190.83447 0.6446817444922459
1205.76835 0.0
1205.76835 0.0
1205.95075 0.5953347557499867
1208.61833 0.20481467569407497
1218.84405 0.4408648083392777
1223.73461 0.12477139021161619
1223.73461 0.5180997820446323
1236.62791 0.2901444393502698
1244.18605 0.20056677303902015
1246.85363 0.19612847271787115
1249.5212 0.05536326114104615
1254.78796 0.00023362
1254.78796 0.0009274855715412576
1267.30506 0.2804890767337121
1269.97264 0.2375789964024914
1271.31783 0.0006146700000000001
1271.31783 0.0024336587219074023
1274.8632 0.20481467569407497
1274.8632 0.3791830542182305
1282.86594 0.01845240504559057
1291.26767 0.00095085
1291.26767 0.003765432875915362
1297.98222 0.46875279330237296
1305.54036 0.5551120054081035
1323.76881 0.2135008786702788
1323.76881 0.49986715969809464
1328.65937 0.35182619347131705
1333.99453 0.011632512224022366
1340.28728 0.0008853299999999999
1340.28728 0.0035117616084852743
1344.22025 0.22792363378593367
1356.66895 0.03691085609545558
1356.81715 0.00072507
1356.81715 0.0028775834399100554
1372.77702 0.00055769
1372.77702 0.002211696362906076
1377.56498 0.2221785238110381
1379.78796 0.13244811050693447
1385.88691 0.00038533
1385.88691 0.0015299548316877155
1402.90698 0.079882667559156
1405.83675 0.00020513
1405.83675 0.0008165043920405943
1412.1067 5.769e-05
1412.1067 0.00022866086590690233
1418.46785 0.18774179398222607
1420.69083 0.027684653572660294
1438.91929 0.1515164765455061
1441.14227 0.0
1466.92886 0.023271070452319173
1482.04514 0.06754790218036799
1491.33607 3.276e-05
1491.33607 0.00012984798001577607
1492.27086 0.11528260127334157
1500.2736 0.03009096327388738
1535.84131 0.0648684994181377
1536.9357 0.00016453000000000003
1536.9357 0.00040171
1536.9357 0.0006521333379730047
1536.9357 0.0015933726485452375
1541.17647 0.08084587144452957
1561.62791 0.03009096327388738
1563.15549 0.00044657999999999997
1563.15549 0.0017677716449034228
1589.63748 0.04640914161571757
1605.19836 0.18415606093096556
1605.19836 0.37010070946983914
1607.42134 0.025272297867158774
1610.08892 0.4802913986536819
1619.01505 0.00025
1619.01505 0.00036895
1619.01505 0.0009909033883987795
1619.01505 0.0014586097877230034
1625.64979 0.07720326479692571
1627.87278 0.12037451336284037
1638.39489 0.0001396
1638.39489 0.0005533204520818785
1656.32695 0.06887345965762401
1663.88509 0.01845240504559057
1684.56452 3.704e-05
1684.56452 0.00014681224602516318
1722.57182 0.01845240504559057
1722.57182 0.07398481059140646
1733.58413 0.00011538
1733.58413 0.00045732173181380466
1743.84405 0.00033618
1743.84405 0.0013317741540079596
1763.27751 0.0703065772136702
1766.64387 0.00063106
1766.64387 0.0025050037658721144
1783.17373 0.00083191
1783.17373 0.0032977264765911376
1786.59371 0.014038821925249446
1786.59371 0.04132578736166331
1810.27911 0.051788574691273806
1819.08345 0.001
1819.08345 0.003963613553595118
1843.37207 0.051788574691273806
1854.99316 0.00067593
1854.99316 0.0008767800000000001
1854.99316 0.0026794027622302997
1854.99316 0.0034721254729493233
1865.73187 0.02065861476310939
1871.06703 0.00481261940245416
1895.64935 0.04153074281456964
1907.43274 0.00032407000000000003
1907.43274 0.0012842107913648181
1932.42134 0.0032947666461462777
1942.65095 0.01851800252239639
1945.31464 0.00481261940245416
1963.29229 1.638e-05
1963.29229 6.492399000788803e-05
1989.65254 0.0
1991.10807 0.011632512224022366
1996.44323 0.0
