50.0 0.015822707006090852
52.22298 0.6654438491047975
57.55814 0.0007709029370484543
57.55814 0.008480942665248658
60.22572 0.0031060551393932993
62.4487 0.009540408097572332
72.67442 0.017022934461924336
72.67442 0.6466980255410071
78.00958 0.025373062055442958
78.00958 0.029901536594952826
82.90014 0.025074552608387965
85.56772 0.0393216067569073
93.12585 0.03386796793289271
93.12585 0.0354665868928072
93.12585 0.6180953754516949
101.12859 0.04073612150565505
108.68673 0.6654438491047975
116.24487 0.045121060044794756
116.24487 0.046772467742326
116.24487 0.7032549739271998
121.58003 0.7920227910736297
123.80301 0.7410567023468132
126.47059 0.05342372100779669
142.03146 0.939640278886736
144.25445 0.7354752390902259
149.5896 0.6730079533498358
152.25718 0.6049498079500695
157.14774 0.04240572368395895
162.4829 0.048001747562715406
162.4829 0.6749718015327091
170.04104 0.6276327242823954
172.70862 0.6693903382761218
177.59918 0.6180953754516949
180.26676 0.5747027873727055
187.8249 0.04261556801070934
195.82763 0.039522667942323605
200.71819 0.5595745788826291
208.27633 0.6125045157923189
216.27907 0.5483928595638768
218.50205 0.03741049487291971
218.50205 0.03992479031315622
221.16963 0.03701248815141162
226.50479 0.5691119277133294
238.95349 0.6805626611920852
241.62107 0.7315287499189017
246.95622 0.038751765005275156
251.84679 0.5368916625503032
251.84679 0.5691119277133294
251.84679 0.6220418646230192
257.18194 0.03784429548750302
259.40492 0.7788678271692154
259.40492 0.8337710086645673
262.0725 0.03355549527363662
262.0725 0.7071920666957352
269.63064 0.4951340485565766
269.63064 0.5273543137196028
290.08208 0.030069255975752357
290.08208 0.4915164334828628
298.08482 0.024873491422971655
302.97538 0.5464290113810035
305.64295 0.030542341300157365
308.31053 0.6996373588534859
310.53352 0.5237366986458889
310.53352 0.6332235839417714
328.76197 0.48001523646928906
341.21067 0.4556785532461226
343.87825 0.0259879690842427
346.54583 0.022359216247552157
366.99726 0.4461506008182111
374.5554 0.019476160505916815
379.89056 0.021613634808124307
379.89056 0.419521195314561
418.12585 0.016593609943139305
425.68399 0.3968288825794463
459.02873 0.018071642105307387
469.25445 0.015420079456400407
471.92202 0.40439298682448455
484.81532 0.019677726870190954
487.0383 0.026046516730852724
502.59918 0.0316115670287071
502.59918 0.03992479031315622
512.8249 0.044718432495104314
512.8249 0.4895431888972005
515.49248 0.5671386831276672
520.38304 0.05051788578299177
538.16689 0.03606977044905612
538.16689 0.04455071311430478
540.83447 0.38927417473719694
540.83447 0.4329956369137968
543.50205 0.022191496866752623
543.50205 0.02970047540953652
551.06019 0.016392548757723
566.62107 0.01233596252934876
579.51436 0.013914208136480649
589.74008 0.36099100234270626
602.18878 0.010425376089036011
625.3078 0.3346904709366665
640.86867 0.010224314903619703
666.21067 0.3287801335824689
668.87825 0.011854189454420008
673.76881 0.3629642469283684
679.10397 0.00791110091361651
691.99726 0.5086178865586014
709.78112 0.3478454348410808
717.33926 0.010224314903619703
717.33926 0.2722231851962763
735.12312 0.012537528893622897
763.57729 0.2741964297819384
766.24487 0.325162518508755
771.13543 0.00982219253278709
781.36115 0.011363998406883999
784.02873 0.42345828808309643
794.25445 0.31957165884937894
794.25445 0.5122355016323152
809.37073 0.016190982393448863
814.70588 0.024504710856755818
814.70588 0.23802967544758794
819.59644 0.02852745010165545
827.59918 0.01308293503759933
829.82216 0.034326903389542904
840.04788 0.036438551015271964
858.27633 0.21172914404154822
860.49932 0.030672944710859112
863.16689 0.020649690992655716
870.72503 0.01793435463181991
873.39261 0.024504710856755818
878.72777 0.01196718196313292
888.95349 0.2022011916136367
891.17647 0.2304749676053386
893.84405 0.009453411966571248
914.29549 0.014746015472572042
924.5212 0.009453411966571248
929.85636 0.22883059711728682
955.19836 0.006369295039519602
962.7565 0.2022011916136367
975.64979 0.01351673565218264
980.98495 0.0051957645527807034
983.65253 0.21534675911526213
1008.99453 0.012866034730307676
1019.22025 0.0051957645527807034
1026.77839 0.2173200037009243
1045.00684 0.19101947229488456
1047.22982 0.0027153363608358075
1062.7907 0.009757308404863987
1090.80027 0.0007709029370484543
1093.46785 0.21370238862721036
1116.58687 0.009757308404863987
1126.81259 0.0025142751754195004
1141.92886 0.014131108443772303
1149.487 0.01933671581877201
1152.15458 0.21172914404154822
1154.82216 0.0053968257381970105
1165.04788 0.009654473151987556
1180.60876 0.03430176854747602
1180.60876 0.03885614076339069
1185.49932 0.028481788380886646
1190.83447 0.011565059592300305
1190.83447 0.043446841109590656
1205.76835 0.0
1205.76835 0.0
1205.95075 0.040121214476855314
1208.61833 0.2248841079459625
1218.84405 0.029711068201276048
1223.73461 0.010425376089036011
1223.73461 0.03491614133906568
1236.62791 0.019553616126063666
1244.18605 0.01351673565218264
1246.85363 0.21534675911526213
1249.5212 0.004625922801148556
1254.78796 6.250575357912213e-05
1254.78796 0.00023362
1267.30506 0.0189029152041887
1269.97264 0.016011089186036668
1271.31783 0.00016401082349393583
1271.31783 0.0006146700000000001
1274.8632 0.02555416846965939
1274.8632 0.2248841079459625
1282.86594 0.0015418058740969086
1291.26767 0.00025376267478703423
1291.26767 0.00095085
1297.98222 0.031590514706330335
1305.54036 0.03741049487291971
1323.76881 0.033687395755886355
1323.76881 0.2344214567766629
1328.65937 0.023710515857680324
1333.99453 0.0009719641224647616
1340.28728 0.00023666708406453932
1340.28728 0.0008853299999999999
1344.22025 0.015360388264161704
1356.66895 0.0030841169270516473
1356.81715 0.00019392810725830196
1356.81715 0.00072507
1372.77702 0.00014905218161175276
1372.77702 0.00055769
1377.56498 0.24394940920457442
1379.78796 0.00892603530598267
1385.88691 0.0001031077815450476
1385.88691 0.00038533
1402.90698 0.005383508365955672
1405.83675 5.5026432638030596e-05
1405.83675 0.00020513
1412.1067 1.5410072324698954e-05
1412.1067 5.769e-05
1418.46785 0.20613828438217213
1420.69083 0.002313213990003193
1438.91929 0.1663633113768966
1441.14227 0.0
1466.92886 0.0019444334237873533
1482.04514 0.004552235267074356
1491.33607 8.750805501077097e-06
1491.33607 3.276e-05
1492.27086 0.1265789419688322
1500.2736 0.0025142751754195004
1535.84131 0.004371663090068003
1536.9357 4.394902408706394e-05
1536.9357 0.00010738167922567135
1536.9357 0.00016453000000000003
1536.9357 0.00040171
1541.17647 0.08876781714642995
1561.62791 0.0025142751754195004
1563.15549 0.00011913489784738662
1563.15549 0.00044657999999999997
1589.63748 0.05095669232402769
1605.19836 0.2022011916136367
1605.19836 0.4063662314101467
1607.42134 0.0021116476257290557
1610.08892 0.5273543137196028
1619.01505 6.677965125974586e-05
1619.01505 9.82996466543459e-05
1619.01505 0.00025
1619.01505 0.00036895
1625.64979 0.00520293618894932
1627.87278 0.1321698016282083
1638.39489 3.728975726344209e-05
1638.39489 0.0001396
1656.32695 0.0756222496448045
1663.88509 0.0015418058740969086
1684.56452 9.894073130643946e-06
1684.56452 3.704e-05
1722.57182 0.0015418058740969086
1722.57182 0.004986035881657665
1733.58413 3.082014464939791e-05
1733.58413 0.00011538
1743.84405 8.975185129309843e-05
1743.84405 0.00033618
1763.27751 0.004738149816181488
1766.64387 0.00016881895838463754
1766.64387 0.00063106
1783.17373 0.0002222426793924342
1783.17373 0.00083191
1786.59371 0.0011730253078810688
1786.59371 0.04537522906744048
1810.27911 0.0034901716934393574
1819.08345 0.00026711860503898343
1819.08345 0.001
1843.37207 0.0034901716934393574
1854.99316 0.00018057217700635282
1854.99316 0.0002339958980141495
1854.99316 0.00067593
1854.99316 0.0008767800000000001
1865.73187 0.022682916332325807
1871.06703 0.0004021223708326145
1895.64935 0.0027988687435984683
1907.43274 8.654642803263063e-05
1907.43274 0.00032407000000000003
1932.42134 0.0036176150737139336
1942.65095 0.0012479781227421305
1945.31464 0.0004021223708326145
1963.29229 4.375402750538548e-06
1963.29229 1.638e-05
1989.65254 0.0
1991.10807 0.0009719641224647616
1996.44323 0.0
