50.0 0.14273051948642898
52.22298 0.2062119612156773
57.55814 0.0069540172004818055
57.55814 0.07650330325143417
60.22572 0.026692908264795263
62.4487 0.08198864048722287
72.67442 0.1462921962417331
72.67442 0.2004028864952594
78.00958 0.2180517690278958
78.00958 0.2697301953450315
82.90014 0.226187839938345
85.56772 0.3547050044783108
93.12585 0.1915393158441556
93.12585 0.2910555417004981
93.12585 0.31993036145283466
101.12859 0.35007928243875197
108.68673 0.2062119612156773
116.24487 0.21792911243119698
116.24487 0.40195461275934385
116.24487 0.4070196292892749
121.58003 0.24543704670878494
123.80301 0.22964335182981413
126.47059 0.45911434923968464
142.03146 0.29118169024651197
144.25445 0.22791373258974984
149.5896 0.20855597382216173
152.25718 0.18746568399760688
157.14774 0.3825256303033052
162.4829 0.20916454355477695
162.4829 0.41251883393534905
170.04104 0.19449481000015767
172.70862 0.20743492431471267
177.59918 0.1915393158441556
180.26676 0.17809254538857167
187.8249 0.36623092524500406
195.82763 0.3565186996590394
200.71819 0.17340452017560282
208.27633 0.18980678478718885
216.27907 0.16993945806166932
218.50205 0.3214994141985816
218.50205 0.3601460900204964
221.16963 0.31807901229674596
226.50479 0.17636001433160492
238.95349 0.2108970746117437
241.62107 0.22669076949071448
246.95622 0.3495646824585576
251.84679 0.166375394173052
251.84679 0.17636001433160492
251.84679 0.19276227894319092
257.18194 0.3252274227144078
259.40492 0.24136050304533377
259.40492 0.2583742492064375
262.0725 0.21914916371332982
262.0725 0.30269114318977913
269.63064 0.153435279858497
269.63064 0.16341990001704992
290.08208 0.15231423035104796
290.08208 0.27124312700332764
298.08482 0.2243741447576164
302.97538 0.1693308883290541
305.64295 0.2624756734603277
308.31053 0.21680806292374788
310.53352 0.16229885050960083
310.53352 0.19622734105712444
328.76197 0.14875016646243064
341.21067 0.14120856068504598
343.87825 0.2233361751876446
346.54583 0.2016938409523753
366.99726 0.13825597834594636
374.5554 0.17568691030810946
379.89056 0.13000388924436018
379.89056 0.18574389227189922
418.12585 0.14968453668691079
425.68399 0.12297185142490692
459.02873 0.15530461091730813
469.25445 0.13909857210190474
471.92202 0.12531586403139136
484.81532 0.17750516251190515
487.0383 0.2349555523195553
502.59918 0.2851557184273585
502.59918 0.3601460900204964
512.8249 0.15170274880153026
512.8249 0.4033876819047506
515.49248 0.17574853278208724
520.38304 0.45570230671571466
538.16689 0.32537144699502024
538.16689 0.4018747502464544
540.83447 0.12063075063532497
540.83447 0.13417943468249519
543.50205 0.20018090929407914
543.50205 0.26791650016430296
551.06019 0.14787084150618224
566.62107 0.11127794627691036
579.51436 0.11957633225947586
589.74008 0.11186618175890498
602.18878 0.09404328503692204
625.3078 0.1037160062489051
640.86867 0.09222958985619348
666.21067 0.10188447341725454
668.87825 0.10187288295279362
673.76881 0.11247766330842265
679.10397 0.07136298123168092
691.99726 0.1576137371135345
709.78112 0.10779254991235628
717.33926 0.08435824748131698
717.33926 0.09222958985619348
735.12312 0.11309619848070607
763.57729 0.08496972903083466
766.24487 0.10076342390980547
771.13543 0.0886021994947364
781.36115 0.10251023389570002
784.02873 0.13122394052649308
794.25445 0.09903089285283873
794.25445 0.15873478662098353
809.37073 0.14605258930238654
814.70588 0.07376214577324641
814.70588 0.2210475179185917
819.59644 0.25733509260236404
827.59918 0.11243251298530636
829.82216 0.3096497174133281
840.04788 0.328698073834045
858.27633 0.06561197026324654
860.49932 0.27668876956858046
863.16689 0.18627287489311553
870.72503 0.16177887590714585
873.39261 0.2210475179185917
878.72777 0.10795131943788563
888.95349 0.06265938792414691
891.17647 0.07142104498366446
893.84405 0.08527557265571167
914.29549 0.12672474267713774
924.5212 0.08527557265571167
929.85636 0.07091147702573306
955.19836 0.0574549468307173
962.7565 0.06265938792414691
975.64979 0.11616052150113261
980.98495 0.04686898224571125
983.65253 0.06673301977069561
1008.99453 0.11056850872739325
1019.22025 0.04686898224571125
1026.77839 0.06734450132021329
1045.00684 0.059194325810213416
1047.22982 0.024493998985969663
1062.7907 0.083852644745136
1090.80027 0.0069540172004818055
1093.46785 0.06622345181276422
1116.58687 0.083852644745136
1126.81259 0.02268030380524112
1141.92886 0.12144033651738899
1149.487 0.16617643870730386
1152.15458 0.06561197026324654
1154.82216 0.048682677426439794
1165.04788 0.08708926783644023
1180.60876 0.29478355021632435
1180.60876 0.3339230484890074
1185.49932 0.24476763301015306
1190.83447 0.10432392907642855
1190.83447 0.3733747445191735
1205.76835 0.0
1205.76835 0.0
1205.95075 0.3447948762790032
1208.61833 0.06968851392669771
1218.84405 0.2553318541861582
1223.73461 0.09404328503692204
1223.73461 0.3000633652325807
1236.62791 0.16804044296521697
1244.18605 0.11616052150113261
1246.85363 0.06673301977069561
1249.5212 0.04172866022595799
1254.78796 0.00023362
1254.78796 0.0005371637886104311
1267.30506 0.16244843019147762
1269.97264 0.1375965704671335
1271.31783 0.0006146700000000001
1271.31783 0.0014094810521658317
1274.8632 0.06968851392669771
1274.8632 0.21960816667181834
1282.86594 0.013908034400963611
1291.26767 0.00095085
1291.26767 0.002180793158888502
1297.98222 0.2714834969924103
1305.54036 0.3214994141985816
1323.76881 0.07264400808269982
1323.76881 0.28950373520006795
1328.65937 0.20376413047955683
1333.99453 0.00876771238121035
1340.28728 0.0008853299999999999
1340.28728 0.002033876567131803
1344.22025 0.13200455769339411
1356.66895 0.02782062582499438
1356.81715 0.00072507
1356.81715 0.0016665850877400552
1372.77702 0.00055769
1372.77702 0.00128092903437872
1377.56498 0.07559659042179945
1379.78796 0.07670882547096651
1385.88691 0.00038533
1385.88691 0.0008860906940325913
1402.90698 0.04626495297288302
1405.83675 0.00020513
1405.83675 0.0004728877797168752
1412.1067 5.769e-05
1412.1067 0.00013243153403818704
1418.46785 0.0638794392062798
1420.69083 0.020866608624512572
1438.91929 0.05155371825814495
1441.14227 0.0
1466.92886 0.01753998178548786
1482.04514 0.03912113369871353
1491.33607 3.276e-05
1491.33607 7.520293040546035e-05
1492.27086 0.039225085493107624
1500.2736 0.02268030380524112
1535.84131 0.037569327198283396
1536.9357 0.00016453000000000003
1536.9357 0.00037769041940202653
1536.9357 0.00040171
1536.9357 0.0009228198419717661
1541.17647 0.027507934277587985
1561.62791 0.02268030380524112
1563.15549 0.00044657999999999997
1563.15549 0.0010238249988044968
1589.63748 0.015790783062068343
1605.19836 0.06265938792414691
1605.19836 0.12592734558090904
1607.42134 0.01904835642071687
1610.08892 0.16341990001704992
1619.01505 0.00025
1619.01505 0.00036895
1619.01505 0.0005738929365496058
1619.01505 0.0008447704026010198
1625.64979 0.04471314647245289
1627.87278 0.04095761655007438
1638.39489 0.0001396
1638.39489 0.0003204618157692999
1656.32695 0.02343430243103928
1663.88509 0.013908034400963611
1684.56452 3.704e-05
1684.56452 8.50279774791896e-05
1722.57182 0.013908034400963611
1722.57182 0.04284914221453977
1733.58413 0.00011538
1733.58413 0.0002648630680763741
1743.84405 0.00033618
1743.84405 0.0007713121067226702
1763.27751 0.04071885163406763
1766.64387 0.00063106
1766.64387 0.0014508013435974034
1783.17373 0.00083191
1783.17373 0.001909915692837088
1786.59371 0.010581407561938894
1786.59371 0.014061163822004064
1810.27911 0.029993940435828596
1819.08345 0.001
1819.08345 0.002295571746198423
1843.37207 0.029993940435828596
1854.99316 0.00067593
1854.99316 0.0008767800000000001
1854.99316 0.0015518065004301342
1854.99316 0.0020109208496698187
1865.73187 0.007029126002550799
1871.06703 0.0036273903614570885
1895.64935 0.024053000756667078
1907.43274 0.00032407000000000003
1907.43274 0.000743765245768289
1932.42134 0.001121049507449071
1942.65095 0.010724911198239033
1945.31464 0.0036273903614570885
1963.29229 1.638e-05
1963.29229 3.7601465202730173e-05
1989.65254 0.0
1991.10807 0.00876771238121035
1996.44323 0.0
