50.0 0.02748830187436961
52.22298 0.692901662493009
57.55814 0.0013392659449023986
57.55814 0.014733680657287987
60.22572 0.051752083447762796
62.4487 0.1589591857946591
72.67442 0.28363061351556823
72.67442 0.6733823411714208
78.00958 0.051947019186614006
78.00958 0.4227577315562515
82.90014 0.04356124847656
85.56772 0.06831221713851114
93.12585 0.06161500978231835
93.12585 0.5642970984126114
93.12585 0.6435994769594338
101.12859 0.6787320459193947
108.68673 0.692901662493009
116.24487 0.07838742883410717
116.24487 0.7322729652489343
116.24487 0.7793076893449661
121.58003 0.8247035559883044
123.80301 0.7716344838838963
126.47059 0.890128714271806
142.03146 0.9784120963202093
144.25445 0.7658227160317542
149.5896 0.7007778798683867
152.25718 0.629911491731914
157.14774 0.07367015854980154
162.4829 0.702822761149696
162.4829 0.7997895510603604
170.04104 0.6535303597370838
172.70862 0.6970109932975539
177.59918 0.6435994769594338
180.26676 0.5984164063513665
187.8249 0.7100467740874769
195.82763 0.06866151454746995
200.71819 0.5826639716006111
208.27633 0.6377779249863285
216.27907 0.5710208676544006
218.50205 0.06936010936538758
218.50205 0.6233215334559749
221.16963 0.61669007453465
226.50479 0.5925948543782612
238.95349 0.7086443131228012
241.62107 0.7617133852272093
246.95622 0.06732224860256757
251.84679 0.5590451035954412
251.84679 0.5925948543782612
251.84679 0.6477088077639785
257.18194 0.6305493786158619
259.40492 0.8110057866398215
259.40492 0.8681744054278113
262.0725 0.058294929133847984
262.0725 0.7363725119325158
269.63064 0.5155644700349711
269.63064 0.549114220817791
290.08208 0.052238392904639955
290.08208 0.5117975834641384
298.08482 0.04321195106760118
302.97538 0.5689759863730913
305.64295 0.5088865859491915
308.31053 0.7285060786781015
310.53352 0.5453473342469582
310.53352 0.6593519117101891
328.76197 0.49982181940517895
341.21067 0.4744809461104855
343.87825 0.43300311305752
346.54583 0.038843978192254366
366.99726 0.4645598474537986
374.5554 0.03383533418992279
379.89056 0.3601193739329445
379.89056 0.4368316486440838
418.12585 0.02882756781927201
425.68399 0.4132029965179508
459.02873 0.3011038401767238
469.25445 0.026788829424771177
471.92202 0.4210792138933285
484.81532 0.034185509230562405
487.0383 0.04524981183042121
502.59918 0.05491780242612555
502.59918 0.06936010936538758
512.8249 0.07768795638450873
512.8249 0.5097429180618658
515.49248 0.5905401889759888
520.38304 0.08776316808010476
538.16689 0.06266290200919479
538.16689 0.07739658266648279
540.83447 0.4053365632635363
540.83447 0.45086207810531564
543.50205 0.03855260447422842
543.50205 0.05159772177765519
551.06019 0.028478270410313193
566.62107 0.02143088801348078
579.51436 0.23183402363209188
589.74008 0.375886359164298
602.18878 0.01811168499669122
625.3078 0.34850060458829535
640.86867 0.017762387587732402
666.21067 0.34234639250244125
668.87825 0.19751066040977103
673.76881 0.37794102456657047
679.10397 0.013743712121344405
691.99726 0.5296046836171662
709.78112 0.3621983739367783
717.33926 0.017762387587732402
717.33926 0.28345576842492787
735.12312 0.0217810630541204
763.57729 0.2855104338272003
766.24487 0.33857950593160846
771.13543 0.01706379276981477
781.36115 0.019742324659619566
784.02873 0.44093119532766556
794.25445 0.3327579539585032
794.25445 0.5333715701879989
809.37073 0.028128095369673575
814.70588 0.042571279940616415
814.70588 0.24785135223983543
819.59644 0.04955986101483516
827.59918 0.21798362083802256
829.82216 0.05963507271043118
840.04788 0.06330357313617957
858.27633 0.22046559766383278
860.49932 0.053287162763197206
863.16689 0.03587407258442362
870.72503 0.03115680230011799
873.39261 0.042571279940616415
878.72777 0.020790216886496016
888.95349 0.21054449900714584
891.17647 0.23998491898542093
893.84405 0.016423121642830003
914.29549 0.24569332771330388
924.5212 0.016423121642830003
929.85636 0.23827269781686056
955.19836 0.011065180231539608
962.7565 0.21054449900714584
975.64979 0.22521146599790964
980.98495 0.009026441837038775
983.65253 0.22423248423466557
1008.99453 0.21436969825807903
1019.22025 0.009026441837038775
1026.77839 0.22628714963693802
1045.00684 0.19890139506093535
1047.22982 0.004717270284305631
1062.7907 0.16257310837460265
1090.80027 0.0013392659449023986
1093.46785 0.2225202630661052
1116.58687 0.16257310837460265
1126.81259 0.004367972875346814
1141.92886 0.2354479462120354
1149.487 0.32218208813068017
1152.15458 0.22046559766383278
1154.82216 0.009375739245997591
1165.04788 0.01677241905178882
1180.60876 0.5715249435724985
1180.60876 0.6474084164641699
1185.49932 0.4745543214397279
1190.83447 0.020091622068578383
1190.83447 0.7238971768815462
1205.76835 0.0
1205.76835 0.0
1205.95075 0.6684866644181263
1208.61833 0.2341633670123157
1218.84405 0.49503618315512216
1223.73461 0.01811168499669122
1223.73461 0.5817614237866242
1236.62791 0.3257960107106237
1244.18605 0.22521146599790964
1246.85363 0.22423248423466557
1249.5212 0.008036473301095193
1254.78796 0.00023362
1254.78796 0.001041450595698013
1267.30506 0.3149542429707931
1269.97264 0.2667715756672603
1271.31783 0.0006146700000000001
1271.31783 0.002732695152814444
1274.8632 0.2341633670123157
1274.8632 0.4257752678976329
1282.86594 0.002678531889804797
1291.26767 0.00095085
1291.26767 0.004228111392791078
1297.98222 0.5263509113232042
1305.54036 0.6233215334559749
1323.76881 0.24409424978996583
1323.76881 0.5612884633583727
1328.65937 0.3950569259681129
1333.99453 0.0016885633538612156
1340.28728 0.0008853299999999999
1340.28728 0.0039432702042241
1344.22025 0.25592980792742964
1356.66895 0.005357941411290396
1356.81715 0.00072507
1356.81715 0.0032311672328066555
1372.77702 0.00055769
1372.77702 0.0024834591128183384
1377.56498 0.25401534844665274
1379.78796 0.14872270558053335
1385.88691 0.00038533
1385.88691 0.0017179484185445857
1402.90698 0.08969827053716989
1405.83675 0.00020513
1405.83675 0.0009168325756999603
1412.1067 5.769e-05
1412.1067 0.0002567576276317024
1418.46785 0.2146440456907275
1420.69083 0.004018675466387997
1438.91929 0.17322786165349308
1441.14227 0.0
1466.92886 0.0033780043394032325
1482.04514 0.07584786774310058
1491.33607 3.276e-05
1491.33607 0.00014580308339772182
1492.27086 0.1318018934952954
1500.2736 0.004367972875346814
1535.84131 0.07283923268886189
1536.9357 0.00016453000000000003
1536.9357 0.00040171
1536.9357 0.0007322643867957011
1536.9357 0.00178915871568633
1541.17647 0.09243059073937017
1561.62791 0.004367972875346814
1563.15549 0.00044657999999999997
1563.15549 0.0019849870328261274
1589.63748 0.053059287983444954
1605.19836 0.21054449900714584
1605.19836 0.4231338792956009
1607.42134 0.0036685004257483787
1610.08892 0.549114220817791
1619.01505 0.00025
1619.01505 0.00036895
1619.01505 0.0011126608928397575
1619.01505 0.001637836834260123
1625.64979 0.08668963548293118
1627.87278 0.13762344546840066
1638.39489 0.0001396
1638.39489 0.0006213098425617206
1656.32695 0.07874260551185044
1663.88509 0.002678531889804797
1684.56452 3.704e-05
1684.56452 0.00016485183788313845
1722.57182 0.002678531889804797
1722.57182 0.08307571290298765
1733.58413 0.00011538
1733.58413 0.0005135152552634048
1743.84405 0.00033618
1743.84405 0.0014954162399766341
1763.27751 0.07894551566876648
1766.64387 0.00063106
1766.64387 0.002812806737098907
1783.17373 0.00083191
1783.17373 0.0037029354513707126
1786.59371 0.0020378607628200327
1786.59371 0.04724752013130291
1810.27911 0.05815210890337708
1819.08345 0.001
1819.08345 0.00445064357135903
1843.37207 0.05815210890337708
1854.99316 0.00067593
1854.99316 0.0008767800000000001
1854.99316 0.003008635054238704
1854.99316 0.0038987637685105104
1865.73187 0.023618868005169855
1871.06703 0.0006985948179176339
1895.64935 0.046633843340699914
1907.43274 0.00032407000000000003
1907.43274 0.0014420085171203256
1932.42134 0.003766886570832806
1942.65095 0.020793406765389388
1945.31464 0.0006985948179176339
1963.29229 1.638e-05
1963.29229 7.290154169886091e-05
1989.65254 0.0
1991.10807 0.0016885633538612156
1996.44323 0.0
