50.0 0.02510079361090183
52.22298 0.11725621419791184
57.55814 0.0012229434261433604
57.55814 0.01345398049678554
60.22572 0.04056202826560723
62.4487 0.1245883558251142
72.67442 0.11395305900898182
72.67442 0.22230279818632762
78.00958 0.04743513852780177
78.00958 0.33134726013875987
82.90014 0.039777717533830734
85.56772 0.06237893018395855
93.12585 0.056263411648637456
93.12585 0.10891305680592271
93.12585 0.4422823842274115
101.12859 0.5319737215825279
108.68673 0.11725621419791184
116.24487 0.07157905504118382
116.24487 0.12391881894991903
116.24487 0.6108024724206936
121.58003 0.1395603763784011
123.80301 0.13057976798503954
126.47059 0.6976613048780054
142.03146 0.16557168866817074
144.25445 0.1295962721543506
149.5896 0.11858906629169061
152.25718 0.106596708881455
157.14774 0.06727150529313627
162.4829 0.11893511112100709
162.4829 0.6268556590459367
170.04104 0.11059360944590466
172.70862 0.11795161529031814
177.59918 0.10891305680592271
180.26676 0.1012669562232266
187.8249 0.5565174462881362
195.82763 0.06269788921646513
200.71819 0.09860125203566905
208.27633 0.1079279052583471
216.27907 0.09663094894051781
218.50205 0.06333580728147832
218.50205 0.48854430535387205
221.16963 0.4833467286325309
226.50479 0.10028180467565098
238.95349 0.1199202626685827
241.62107 0.12890087106194428
246.95622 0.06147494579032178
251.84679 0.0946043514712194
251.84679 0.10028180467565098
251.84679 0.10960845789832903
257.18194 0.49420931514948147
259.40492 0.13724237273704673
259.40492 0.14691672650592794
262.0725 0.05323169803061627
262.0725 0.12461256432543866
269.63064 0.08724634562680589
269.63064 0.09292379883123747
290.08208 0.04770120485642536
290.08208 0.08660889462543343
298.08482 0.03945875850132414
302.97538 0.09628490411120133
305.64295 0.39885296799875564
308.31053 0.12328136794854656
310.53352 0.092286347829865
310.53352 0.11157876099348027
328.76197 0.08458229715613502
341.21067 0.0802939904196294
343.87825 0.3393773417579057
346.54583 0.03547016778578318
366.99726 0.07861509349653414
374.5554 0.030896551709112038
379.89056 0.07392279183967819
379.89056 0.28225283411449464
418.12585 0.02632373703704519
425.68399 0.06992423555834186
459.02873 0.2359978896010829
469.25445 0.02446207414128436
471.92202 0.07125708765212063
484.81532 0.031216312146222915
487.0383 0.04131961999248068
502.59918 0.05014789311331637
502.59918 0.06333580728147832
512.8249 0.07094033557156636
512.8249 0.08626119407923026
515.49248 0.09993410412944782
520.38304 0.08014046042879164
538.16689 0.05722028874615723
538.16689 0.07067426924294277
540.83447 0.06859303918144977
540.83447 0.07629708985517976
543.50205 0.03520410145715959
543.50205 0.04711617949529518
551.06019 0.026004778004538598
566.62107 0.01956949903210663
579.51436 0.1817058868554765
589.74008 0.06360933135253784
602.18878 0.01653858681868973
625.3078 0.05897497978671574
640.86867 0.01621962778618314
666.21067 0.05793353386499294
668.87825 0.15480406693938062
673.76881 0.063957031898741
679.10397 0.01254999610314877
691.99726 0.08962229935919415
709.78112 0.06129298342807013
717.33926 0.01621962778618314
717.33926 0.04796777392405575
735.12312 0.019889259469217508
763.57729 0.048315474470258905
766.24487 0.057296082863620486
771.13543 0.015581709721169958
781.36115 0.01802759657345668
784.02873 0.07461653721519783
794.25445 0.05631093131604487
794.25445 0.09025975036056659
809.37073 0.02568501756742772
814.70588 0.03887373314019396
814.70588 0.04194262017342101
819.59644 0.04525531800413864
827.59918 0.17085027695157473
829.82216 0.05445544286136392
840.04788 0.05780531410728741
858.27633 0.037308268607598914
860.49932 0.04865888335854942
863.16689 0.03275821460487287
870.72503 0.02845066485682532
873.39261 0.03887373314019396
878.72777 0.01898447367097645
888.95349 0.03562937168450366
891.17647 0.04061142379652892
893.84405 0.014996684360039779
914.29549 0.19256847337242702
924.5212 0.014996684360039779
929.85636 0.040321673341359617
955.19836 0.01010410925086205
962.7565 0.03562937168450366
975.64979 0.17651528674718414
980.98495 0.00824244635510122
983.65253 0.03794571960897137
1008.99453 0.16801777205377003
1019.22025 0.00824244635510122
1026.77839 0.03829342015517453
1045.00684 0.03365906858935243
1047.22982 0.00430754974804755
1062.7907 0.1274208607229189
1090.80027 0.0012229434261433604
1093.46785 0.03765596915380207
1116.58687 0.1274208607229189
1126.81259 0.00398859071554096
1141.92886 0.1845383917532812
1149.487 0.25251850930059405
1152.15458 0.037308268607598914
1154.82216 0.00856140538760781
1165.04788 0.01531564339254637
1180.60876 0.4479473940230209
1180.60876 0.5074230202638709
1185.49932 0.371944171469611
1190.83447 0.01834655560596327
1190.83447 0.5673730561920379
1205.76835 0.0
1205.76835 0.0
1205.95075 0.523943639963382
1208.61833 0.0396262722489533
1218.84405 0.38799735809485386
1223.73461 0.01653858681868973
1223.73461 0.45597049902911796
1236.62791 0.25535101419839873
1244.18605 0.17651528674718414
1246.85363 0.03794571960897137
1249.5212 0.00733846196146445
1254.78796 0.00023362
1254.78796 0.0008162637267072663
1267.30506 0.2468534995049846
1269.97264 0.20908909307193824
1271.31783 0.0006146700000000001
1271.31783 0.0021418202059754763
1274.8632 0.0396262722489533
1274.8632 0.33371233196229627
1282.86594 0.0024458868522867208
1291.26767 0.00095085
1291.26767 0.0033138911981705254
1297.98222 0.4125410828004621
1305.54036 0.48854430535387205
1323.76881 0.04130682488893524
1323.76881 0.4399242890169238
1328.65937 0.3096360403309563
1333.99453 0.001541902458649951
1340.28728 0.0008853299999999999
1340.28728 0.0030906395806095635
1344.22025 0.2005915783785241
1356.66895 0.00489257510917773
1356.81715 0.00072507
1356.81715 0.0025325105367071596
1372.77702 0.00055769
1372.77702 0.001946475040609635
1377.56498 0.04298572181203049
1379.78796 0.11656525081901714
1385.88691 0.00038533
1385.88691 0.0013464863184145504
1402.90698 0.07030332969255661
1405.83675 0.00020513
1405.83675 0.0007185911440243456
1412.1067 5.769e-05
1412.1067 0.00020124040339206063
1418.46785 0.036323117060023294
1420.69083 0.0036696316830343687
1438.91929 0.029314467478699632
1441.14227 0.0
1466.92886 0.0030846063219041905
1482.04514 0.05944771978865483
1491.33607 3.276e-05
1491.33607 0.00011427692173901728
1492.27086 0.02230416218048928
1500.2736 0.00398859071554096
1535.84131 0.05708962457816718
1536.9357 0.00016453000000000003
1536.9357 0.00040171
1536.9357 0.0005739310724578911
1536.9357 0.0014022992228047908
1541.17647 0.01564155742848209
1561.62791 0.00398859071554096
1563.15549 0.00044657999999999997
1563.15549 0.0015557847098779522
1589.63748 0.008978952676474899
1605.19836 0.03562937168450366
1605.19836 0.0716047881983238
1607.42134 0.0033498712459234903
1610.08892 0.09292379883123747
1619.01505 0.00025
1619.01505 0.00036895
1619.01505 0.0008720766310975068
1619.01505 0.00128369680097553
1625.64979 0.06794523448206895
1627.87278 0.023289313728064896
1638.39489 0.0001396
1638.39489 0.0004869675908048478
1656.32695 0.01332520950401438
1663.88509 0.0024458868522867208
1684.56452 3.704e-05
1684.56452 0.0001292068736634066
1722.57182 0.0024458868522867208
1722.57182 0.06511272958426424
1733.58413 0.00011538
1733.58413 0.00040248080678412126
1743.84405 0.00033618
1743.84405 0.001172070992195049
1763.27751 0.0618755811296303
1766.64387 0.00063106
1766.64387 0.002204609723414497
1783.17373 0.00083191
1783.17373 0.002902271028292502
1786.59371 0.001860861491156542
1786.59371 0.007995456845785965
1810.27911 0.04557821304768009
1819.08345 0.001
1819.08345 0.003488306524390027
1843.37207 0.04557821304768009
1854.99316 0.00067593
1854.99316 0.0008767800000000001
1854.99316 0.0023580952104876583
1854.99316 0.0030557565153656635
1865.73187 0.003996900564449642
1871.06703 0.0006379180650131815
1895.64935 0.0365504757625587
1907.43274 0.00032407000000000003
1907.43274 0.0011302113139023686
1932.42134 0.0006374510013724573
1942.65095 0.016297368081950203
1945.31464 0.0006379180650131815
1963.29229 1.638e-05
1963.29229 5.713846086950864e-05
1989.65254 0.0
1991.10807 0.001541902458649951
1996.44323 0.0
