50.0 0.1736609695883348
52.22298 0.7063497454406488
57.55814 0.00846098909970304
57.55814 0.09308196920433462
60.22572 0.05672167251984677
62.4487 0.17422353420354725
72.67442 0.31086676525153034
72.67442 0.6864515861591834
78.00958 0.32818213945702684
78.00958 0.4633538208905405
82.90014 0.27520392789237247
85.56772 0.43157143417666155
93.12585 0.38926094412434575
93.12585 0.6184847659779302
93.12585 0.6560906854810981
101.12859 0.7439085399571442
108.68673 0.7063497454406488
116.24487 0.4952229118074551
116.24487 0.746485180502612
116.24487 0.8541421446702072
121.58003 0.8407096971602576
123.80301 0.7866106415498978
126.47059 0.9756049625016645
142.03146 0.9974014677426238
144.25445 0.7806860768315065
149.5896 0.7143788272559769
152.25718 0.6421370389473786
157.14774 0.46542093512927435
162.4829 0.716463396323559
162.4829 0.8765908148573706
170.04104 0.6662143103786856
172.70862 0.7105388316051677
177.59918 0.6560906854810981
180.26676 0.6100306857007436
187.8249 0.7782303225379528
195.82763 0.4337781665892971
200.71819 0.5939725220700874
208.27633 0.6501561467480294
216.27907 0.5821034446039501
218.50205 0.43819163141456813
218.50205 0.6831771310414155
221.16963 0.6759088740707783
226.50479 0.604096146967675
238.95349 0.7223979350566276
241.62107 0.7764969906669875
246.95622 0.4253171774895941
251.84679 0.5698952506387804
251.84679 0.604096146967675
251.84679 0.660279771645617
257.18194 0.6910990433369291
259.40492 0.8267460766118608
259.40492 0.8850242443720624
262.0725 0.3682858970967071
262.0725 0.7506642926524535
269.63064 0.5255707294122982
269.63064 0.5597716257411928
290.08208 0.33002293131882326
290.08208 0.5217307337614892
298.08482 0.27299719547973694
302.97538 0.580018875536368
305.64295 0.5577533570622016
308.31053 0.7426451848518029
310.53352 0.5559316300903837
310.53352 0.6721488491117542
328.76197 0.5095225397963195
341.21067 0.4836898417817854
343.87825 0.4745830340089347
346.54583 0.2454019512141917
366.99726 0.47357619089887526
374.5554 0.21375918267421448
379.89056 0.3947004996792984
379.89056 0.44530983330304924
418.12585 0.18212195868803785
425.68399 0.42122258785706485
459.02873 0.3300178906654381
469.25445 0.1692419602092632
471.92202 0.429251669672393
484.81532 0.2159714596406506
487.0383 0.28587164940471105
502.59918 0.34695045407203
502.59918 0.43819163141456813
512.8249 0.4908039024283834
512.8249 0.5196361906792295
515.49248 0.6020016038854156
520.38304 0.5544553800591769
538.16689 0.39588114136225233
538.16689 0.488963110566587
540.83447 0.41320348005641416
540.83447 0.4596125703504785
543.50205 0.24356115935239525
543.50205 0.3259754070443913
551.06019 0.17991522627540232
566.62107 0.13539245925665042
579.51436 0.2540963124835585
589.74008 0.38318169587736123
602.18878 0.11442295678281235
625.3078 0.35526442879524517
640.86867 0.11221622437017681
666.21067 0.34899077356314406
668.87825 0.21647698512949434
673.76881 0.38527623895962076
679.10397 0.0868277125172671
691.99726 0.539883440474405
709.78112 0.36922804934364195
717.33926 0.11221622437017681
717.33926 0.2889571792197156
735.12312 0.13760473622308653
763.57729 0.29105172230197507
766.24487 0.345150777912335
771.13543 0.10780275954490577
781.36115 0.12472473774431186
784.02873 0.44948894545289086
794.25445 0.33921623917926635
794.25445 0.5437234361252139
809.37073 0.1777029493089662
814.70588 0.25266173980856144
814.70588 0.26894967120530494
819.59644 0.3131009531194172
827.59918 0.2389158992670326
829.82216 0.3767524307502107
840.04788 0.39992866563668433
858.27633 0.22474447272644543
860.49932 0.3366486731105304
863.16689 0.22663918115298917
870.72503 0.1968372044748084
873.39261 0.26894967120530494
878.72777 0.13134493498221841
888.95349 0.2146308218435352
891.17647 0.24464263200791078
893.84405 0.10375523527047377
914.29549 0.2692864817497094
924.5212 0.10375523527047377
929.85636 0.24289717943936118
955.19836 0.06990573431786103
962.7565 0.2146308218435352
975.64979 0.24683781156254614
980.98495 0.05702573583908634
983.65253 0.22858446837725452
1008.99453 0.23495494311927584
1019.22025 0.05702573583908634
1026.77839 0.23067901145951406
1045.00684 0.202761744377398
1047.22982 0.02980197667818076
1062.7907 0.17818449035130401
1090.80027 0.00846098909970304
1093.46785 0.22683901580870494
1116.58687 0.17818449035130401
1126.81259 0.027595244265545237
1141.92886 0.2580572686313153
1149.487 0.35312021617747746
1152.15458 0.22474447272644543
1154.82216 0.05923246825172187
1165.04788 0.10596196768310931
1180.60876 0.6264066782734438
1180.60876 0.7095770013267106
1185.49932 0.5201242736585124
1190.83447 0.12693147015694736
1190.83447 0.7934107357544787
1205.76835 0.0
1205.76835 0.0
1205.95075 0.73267932683875
1208.61833 0.23870809327484216
1218.84405 0.5425729438456757
1223.73461 0.11442295678281235
1223.73461 0.6376261353422129
1236.62791 0.35708117232523423
1244.18605 0.24683781156254614
1246.85363 0.22858446837725452
1249.5212 0.05077147915201883
1254.78796 0.00023362
1254.78796 0.0011414578061269475
1267.30506 0.34519830388196393
1269.97264 0.2923888072617489
1271.31783 0.0006146700000000001
1271.31783 0.00299510723488011
1274.8632 0.23870809327484216
1274.8632 0.46666112171342117
1282.86594 0.01692197819940608
1291.26767 0.00095085
1291.26767 0.004634123571882906
1297.98222 0.5768947264264842
1305.54036 0.6831771310414155
1323.76881 0.2488317181724298
1323.76881 0.6151872212046745
1328.65937 0.43299299445748873
1333.99453 0.010667721512338564
1340.28728 0.0008853299999999999
1340.28728 0.0043219299838823735
1344.22025 0.2805059388184786
1356.66895 0.03384950095261275
1356.81715 0.00072507
1356.81715 0.0035414460138810423
1372.77702 0.00055769
1372.77702 0.002721937845379644
1377.56498 0.25894536905534
1379.78796 0.1630040771347781
1385.88691 0.00038533
1385.88691 0.0018829175776282126
1402.90698 0.09831171207129273
1405.83675 0.00020513
1405.83675 0.0010048731113767146
1412.1067 5.769e-05
1412.1067 0.0002814132514336051
1418.46785 0.2188099339933768
1420.69083 0.02538851185290971
1438.91929 0.17658992986383157
1441.14227 0.0
1466.92886 0.021340987578477723
1482.04514 0.08313129885476683
1491.33607 3.276e-05
1491.33607 0.00015980409285777265
1492.27086 0.13435995171960885
1500.2736 0.027595244265545237
1535.84131 0.07983375408151121
1536.9357 0.00016453000000000003
1536.9357 0.00040171
1536.9357 0.0008025814224019943
1536.9357 0.0019609659746283458
1541.17647 0.09422451665764567
1561.62791 0.027595244265545237
1563.15549 0.00044657999999999997
1563.15549 0.0021755990663787123
1589.63748 0.054089081595682494
1605.19836 0.2146308218435352
1605.19836 0.43134621275465257
1607.42134 0.023176234886473593
1610.08892 0.5597716257411928
1619.01505 0.00025
1619.01505 0.00036895
1619.01505 0.0012195062031270807
1619.01505 0.0017951131310030627
1625.64979 0.0950141672980371
1627.87278 0.14029449045267747
1638.39489 0.0001396
1638.39489 0.0006809722638261618
1656.32695 0.08027087012392636
1663.88509 0.01692197819940608
1684.56452 3.704e-05
1684.56452 0.00018068203905530827
1722.57182 0.01692197819940608
1722.57182 0.09105321115028034
1733.58413 0.00011538
1733.58413 0.0005628265028672102
1743.84405 0.00033618
1743.84405 0.0016390163370027964
1763.27751 0.08652640412427264
1766.64387 0.00063106
1766.64387 0.00308291168150526
1783.17373 0.00083191
1783.17373 0.004058516644006924
1786.59371 0.01287445392497409
1786.59371 0.04816451687729131
1810.27911 0.06373627220023374
1819.08345 0.001
1819.08345 0.004878024812508323
1843.37207 0.06373627220023374
1854.99316 0.00067593
1854.99316 0.0008767800000000001
1854.99316 0.003297544773255626
1854.99316 0.0042731497357572906
1865.73187 0.024077271431306942
1871.06703 0.004413464825271048
1895.64935 0.051111943985462205
1907.43274 0.00032407000000000003
1907.43274 0.0015804800392526964
1932.42134 0.003839995650809102
1942.65095 0.022790131924038882
1945.31464 0.004413464825271048
1963.29229 1.638e-05
1963.29229 7.990204642888632e-05
1989.65254 0.0
1991.10807 0.010667721512338564
1996.44323 0.0
