50.0 0.11991919500760016
52.22298 0.3390068660632781
57.55814 0.005842619698655785
57.55814 0.06427647411601135
60.22572 0.0017841626705404966
62.4487 0.005480147397748914
72.67442 0.009778217979721771
72.67442 0.3294569049257834
78.00958 0.014574651165230537
78.00958 0.22662166445834594
82.90014 0.1900382888222673
85.56772 0.29801572050083247
93.12585 0.019454247075836737
93.12585 0.2687987932921547
93.12585 0.31488543540070374
101.12859 0.023399413104813107
108.68673 0.3390068660632781
116.24487 0.02686677705638467
116.24487 0.3419693732797109
116.24487 0.35826954456817983
121.58003 0.40349184174407593
123.80301 0.3775274361251429
126.47059 0.030687352434477067
142.03146 0.4786947938593854
144.25445 0.37468398904961814
149.5896 0.3428603591538462
152.25718 0.3081884952346109
157.14774 0.3213900280108545
162.4829 0.02757289303590199
162.4829 0.3438608312730123
170.04104 0.3197441875583765
172.70862 0.34101738419748756
177.59918 0.31488543540070374
180.26676 0.29277930982027733
187.8249 0.02447899416345801
195.82763 0.29953954922957754
200.71819 0.2850723236391412
208.27633 0.3120372013772404
216.27907 0.2793758555922145
218.50205 0.021489125415766912
218.50205 0.30258720668706773
221.16963 0.021260504640130056
226.50479 0.289931075796814
238.95349 0.34670906529647566
241.62107 0.3726734709154087
246.95622 0.2936969295309218
251.84679 0.2735166313153756
251.84679 0.289931075796814
251.84679 0.3168959535349132
257.18194 0.021738306717534864
259.40492 0.39679011463004454
259.40492 0.4247602514352484
262.0725 0.25431476293827865
262.0725 0.3602752757544506
269.63064 0.25224343467626453
269.63064 0.2686578791577029
290.08208 0.22789279797076648
290.08208 0.25040045971990593
298.08482 0.1885144600935222
302.97538 0.2783753834730484
305.64295 0.01754395938679054
308.31053 0.3564265696118212
310.53352 0.26681490420134424
310.53352 0.32259242158183987
328.76197 0.24454123544306705
341.21067 0.23214304028210894
343.87825 0.014927862591751368
346.54583 0.1694589435534109
366.99726 0.22728907507237478
374.5554 0.147608464772134
379.89056 0.012415182174416386
379.89056 0.2137228646143998
418.12585 0.12576181470625594
425.68399 0.20216238534269562
459.02873 0.010380610708010558
469.25445 0.11686770883471113
471.92202 0.2060158784332637
484.81532 0.14913612221627795
487.0383 0.19740473724966817
502.59918 0.23958186608347692
502.59918 0.30258720668706773
512.8249 0.24939520065280119
512.8249 0.3389178871068218
515.49248 0.2889258167297093
520.38304 0.3828715398857002
538.16689 0.27337027947838993
538.16689 0.3376467535944013
540.83447 0.19831367920006618
540.83447 0.2205873479583434
543.50205 0.1681878100409904
543.50205 0.22509783572960088
551.06019 0.12423798597751086
566.62107 0.09349340132468913
579.51436 0.007992520941559552
589.74008 0.1839049659048987
602.18878 0.07901319968621195
625.3078 0.17050629862477448
640.86867 0.07748937095746686
666.21067 0.16749530837139895
668.87825 0.0068092166316861165
673.76881 0.1849102249720034
679.10397 0.05995768314610065
691.99726 0.25911270496814676
709.78112 0.1772080257388059
717.33926 0.07748937095746686
717.33926 0.13868266872900256
735.12312 0.09502105876883309
763.57729 0.13968792779610725
766.24487 0.16565233341504032
771.13543 0.07444171349997669
781.36115 0.08612695289728826
784.02873 0.21572859580067064
794.25445 0.16280409939157697
794.25445 0.26095567992450536
809.37073 0.12271032853336693
814.70588 0.12126296518045951
814.70588 0.1857194978523566
819.59644 0.21620755857345492
827.59918 0.007515025737679089
829.82216 0.2601612113523333
840.04788 0.2761652417195556
858.27633 0.10786429790033532
860.49932 0.2324681128724006
863.16689 0.1565025706436788
870.72503 0.13592322537482243
873.39261 0.1857194978523566
878.72777 0.09069843908352353
888.95349 0.10301033269060114
891.17647 0.11741425903783005
893.84405 0.07164675125881108
914.29549 0.00847032301896436
924.5212 0.07164675125881108
929.85636 0.11657654314857613
955.19836 0.048272443748789085
962.7565 0.10301033269060114
975.64979 0.007764207039447043
980.98495 0.03937833787724427
983.65253 0.10970727285669395
1008.99453 0.007390435086795112
1019.22025 0.03937833787724427
1026.77839 0.11071253192379867
1045.00684 0.09731386464367446
1047.22982 0.020579345268856387
1062.7907 0.005604738048632892
1090.80027 0.005842619698655785
1093.46785 0.10886955696744002
1116.58687 0.005604738048632892
1126.81259 0.0190555165401113
1141.92886 0.00811711159244353
1149.487 0.011107287213658975
1152.15458 0.10786429790033532
1154.82216 0.04090216660598935
1165.04788 0.07317057998755618
1180.60876 0.019703428377604693
1180.60876 0.022319525172643857
1185.49932 0.016360348203392758
1190.83447 0.024956489367338474
1190.83447 0.08765078162603335
1205.76835 0.0
1205.76835 0.0
1205.95075 0.023046201678292275
1208.61833 0.1145660250143667
1218.84405 0.017066464182910076
1223.73461 0.020056332930601176
1223.73461 0.07901319968621195
1236.62791 0.01123187786454295
1244.18605 0.007764207039447043
1246.85363 0.10970727285669395
1249.5212 0.035059546907333566
1254.78796 3.5904202348338166e-05
1254.78796 0.00023362
1267.30506 0.010858105911891019
1269.97264 0.009196999524612778
1271.31783 9.421017197384458e-05
1271.31783 0.0006146700000000001
1274.8632 0.014678681289983415
1274.8632 0.1145660250143667
1282.86594 0.01168523939731157
1291.26767 0.00014576492406376607
1291.26767 0.00095085
1297.98222 0.018146045241554977
1305.54036 0.021489125415766912
1323.76881 0.019350523824608203
1323.76881 0.11942477717203948
1328.65937 0.013619660757469612
1333.99453 0.007366448427400872
1340.28728 0.0001359449712847334
1340.28728 0.0008853299999999999
1344.22025 0.008823227571960846
1356.66895 0.023374307510021997
1356.81715 0.00011139508933715174
1356.81715 0.00072507
1372.77702 8.561771329219101e-05
1372.77702 0.00055769
1377.56498 0.12427874238177365
1379.78796 0.005127242844752428
1385.88691 5.922659019854074e-05
1385.88691 0.00038533
1402.90698 0.003092364504822254
1405.83675 3.160797300751138e-05
1405.83675 0.00020513
1412.1067 8.85176680972491e-06
1412.1067 5.769e-05
1418.46785 0.10501606387687197
1420.69083 0.01753168781136621
1438.91929 0.0847529132528042
1441.14227 0.0
1466.92886 0.014736725570200603
1482.04514 0.0026148693009417907
1491.33607 5.0265883287673435e-06
1491.33607 3.276e-05
1492.27086 0.06448497568079781
1500.2736 0.0190555165401113
1535.84131 0.0025111460497132584
1536.9357 2.5244950480222558e-05
1536.9357 6.168157839329891e-05
1536.9357 0.00016453000000000003
1536.9357 0.00040171
1541.17647 0.04522229717589614
1561.62791 0.0190555165401113
1563.15549 6.843279592888386e-05
1563.15549 0.00044657999999999997
1589.63748 0.025959618670994472
1605.19836 0.10301033269060114
1605.19836 0.2070211375003684
1607.42134 0.01600403036722227
1610.08892 0.2686578791577029
1619.01505 3.835919054309633e-05
1619.01505 5.6464728479437804e-05
1619.01505 0.00025
1619.01505 0.00036895
1625.64979 0.0029886412535937218
1627.87278 0.06733320970426115
1638.39489 2.1419771999264993e-05
1638.39489 0.0001396
1656.32695 0.038525357009803335
1663.88509 0.01168523939731157
1684.56452 5.683297670865153e-06
1684.56452 3.704e-05
1722.57182 0.0028640506027097445
1722.57182 0.01168523939731157
1733.58413 1.770353361944982e-05
1733.58413 0.00011538
1743.84405 5.155475208992148e-05
1743.84405 0.00033618
1763.27751 0.0027216612874137714
1766.64387 9.697203369294753e-05
1766.64387 0.00063106
1783.17373 0.0001276593861274246
1783.17373 0.00083191
1786.59371 0.00889027715614596
1786.59371 0.02311617159546972
1810.27911 0.002004804734544387
1819.08345 0.00015343676217238533
1819.08345 0.001
1843.37207 0.002004804734544387
1854.99316 0.0001037232512285325
1854.99316 0.00013441060366300956
1854.99316 0.00067593
1854.99316 0.0008767800000000001
1865.73187 0.011555692323765564
1871.06703 0.003047657457490174
1895.64935 0.0016077103940422535
1907.43274 4.971351094385284e-05
1907.43274 0.00032407000000000003
1932.42134 0.0018429749563586338
1942.65095 0.0007168565528693843
1945.31464 0.003047657457490174
1963.29229 2.5132941643836718e-06
1963.29229 1.638e-05
1989.65254 0.0
1991.10807 0.007366448427400872
1996.44323 0.0
