50.0 0.049354258395613554
52.22298 0.032198537994793386
57.55814 0.0024046038859457325
57.55814 0.026453794257704426
60.22572 0.013591613494941335
62.4487 0.04174733983361926
72.67442 0.03129149209892345
72.67442 0.07448970973560555
78.00958 0.09326900655906153
78.00958 0.11102856748000409
82.90014 0.07821265653926372
85.56772 0.1226521315008899
93.12585 0.0299075082858768
93.12585 0.11062753631501054
93.12585 0.1482009524444111
101.12859 0.17825492270429513
108.68673 0.032198537994793386
116.24487 0.03402808821282878
116.24487 0.14074181211075687
116.24487 0.2046690336226546
121.58003 0.03832325742500084
123.80301 0.03585718377126725
126.47059 0.2337738819219356
142.03146 0.045465959692728486
144.25445 0.03558711597069244
149.5896 0.03256453897031985
152.25718 0.029271439509775527
157.14774 0.1322721228008235
162.4829 0.032659562826077654
162.4829 0.21004817064567835
170.04104 0.030368987776757995
172.70862 0.03238949502550285
177.59918 0.0299075082858768
180.26676 0.0278078902672666
187.8249 0.1864790878703088
195.82763 0.12327928244886263
200.71819 0.02707588831621367
208.27633 0.029636985825705064
216.27907 0.0265348433958702
218.50205 0.12453358434480812
218.50205 0.16370249855465463
221.16963 0.1619608831343362
226.50479 0.027537367807094863
238.95349 0.03293008528624939
241.62107 0.03539615893998298
246.95622 0.1208746785629169
251.84679 0.0259783400492312
251.84679 0.027537367807094863
251.84679 0.03009846531658626
257.18194 0.16560074247586073
259.40492 0.03768673398930264
259.40492 0.040343310014148766
262.0725 0.03421859058394131
262.0725 0.10466645079696814
269.63064 0.023957832800486346
269.63064 0.025516860558350007
290.08208 0.023782788855669347
290.08208 0.09379215760108904
298.08482 0.07758550559129097
302.97538 0.026439819540112396
305.64295 0.13364852829477059
308.31053 0.03385304426801178
310.53352 0.025341816613533002
310.53352 0.030639510236929728
328.76197 0.02322628550903035
341.21067 0.02204871715298868
343.87825 0.11371930486092557
346.54583 0.06974296722933035
366.99726 0.02158769232170441
374.5554 0.06075012687736948
379.89056 0.020299187024012486
379.89056 0.09457789940915748
418.12585 0.051758862281559286
425.68399 0.019201184097433092
459.02873 0.07907869103773316
469.25445 0.04809838074351739
471.92202 0.019567185072959556
484.81532 0.0613788535814929
487.0383 0.08124441137318218
502.59918 0.0986029411291312
502.59918 0.12453358434480812
512.8249 0.023687310340314613
512.8249 0.1394859344586607
515.49248 0.027441889291740136
520.38304 0.15757561506852769
538.16689 0.11250898915892876
538.16689 0.1389627834166332
540.83447 0.018835637781503555
540.83447 0.020951168886006212
543.50205 0.06921981618730284
543.50205 0.0926418556110888
551.06019 0.05113171133358655
566.62107 0.038478389443583776
579.51436 0.06088640754656813
589.74008 0.017467112394752432
602.18878 0.03251887968169206
625.3078 0.01619452018295296
640.86867 0.031891728733719316
666.21067 0.015908539296485696
668.87825 0.05187208665965829
673.76881 0.01756259091010716
679.10397 0.024676341319731433
691.99726 0.024610269322077005
709.78112 0.01683104361865116
717.33926 0.013171943182580371
717.33926 0.031891728733719316
735.12312 0.039107116147707205
763.57729 0.0132674216979351
766.24487 0.015733495351668694
771.13543 0.030637426837773835
781.36115 0.0354466346096653
784.02873 0.02048968939512502
794.25445 0.015462972891496958
794.25445 0.024785313266894003
809.37073 0.05050298462946312
814.70588 0.011517436909361979
814.70588 0.07643520360129072
819.59644 0.08898294982919758
827.59918 0.05724888594386281
829.82216 0.10707263043906456
840.04788 0.11365929114892903
858.27633 0.01024484469756251
860.49932 0.09567518620115795
863.16689 0.06441060841541138
870.72503 0.055940919105478014
873.39261 0.07643520360129072
878.72777 0.03732808745358352
888.95349 0.009783819866278243
891.17647 0.011151890593432443
893.84405 0.029487124847773584
914.29549 0.06452626688809267
924.5212 0.029487124847773584
929.85636 0.011072325163970168
955.19836 0.01986713354783997
962.7565 0.009783819866278243
975.64979 0.059147129865068926
980.98495 0.01620665200979807
983.65253 0.010419888642379515
1008.99453 0.05629976398325975
1019.22025 0.01620665200979807
1026.77839 0.010515367157734245
1045.00684 0.009242774945934774
1047.22982 0.008469689309933363
1062.7907 0.04269646179422232
1090.80027 0.0024046038859457325
1093.46785 0.01034032321291724
1116.58687 0.04269646179422232
1126.81259 0.007842538361960623
1141.92886 0.061835529507171194
1149.487 0.08461445656164458
1152.15458 0.01024484469756251
1154.82216 0.016833802957770812
1165.04788 0.030114275795746326
1180.60876 0.1500991963656172
1180.60876 0.1700284197994622
1185.49932 0.12463186966904152
1190.83447 0.036073785557638044
1190.83447 0.19011660947301412
1205.76835 0.0
1205.76835 0.0
1205.95075 0.17556418532337364
1208.61833 0.010881368133260709
1218.84405 0.13001100669206525
1223.73461 0.03251887968169206
1223.73461 0.15278759600771943
1236.62791 0.08556357852224765
1244.18605 0.059147129865068926
1246.85363 0.010419888642379515
1249.5212 0.01442919907182508
1254.78796 0.00023362
1254.78796 0.00027351544184866464
1267.30506 0.08271621264043846
1269.97264 0.07006203241200411
1271.31783 0.0006146700000000001
1271.31783 0.0007176858175003423
1274.8632 0.010881368133260709
1274.8632 0.11182106093971945
1282.86594 0.004809207771891465
1291.26767 0.00095085
1291.26767 0.001110425939129194
1297.98222 0.13823517185807896
1305.54036 0.16370249855465463
1323.76881 0.011342847624141903
1323.76881 0.14741079672351493
1328.65937 0.10375352427459346
1333.99453 0.0030317548339184727
1340.28728 0.0008853299999999999
1340.28728 0.0010356182969141748
1344.22025 0.06721466653019492
1356.66895 0.009619991299933616
1356.81715 0.00072507
1356.81715 0.0008485991913766263
1372.77702 0.00055769
1372.77702 0.0006522291305622003
1377.56498 0.01180387245542617
1379.78796 0.039058940191517004
1385.88691 0.00038533
1385.88691 0.0004511835921093357
1402.90698 0.02355739408127345
1405.83675 0.00020513
1405.83675 0.00024078709837959368
1412.1067 5.769e-05
1412.1067 6.743207624038232e-05
1418.46785 0.009974322237390774
1420.69083 0.007215387413987882
1438.91929 0.008049748163597579
1441.14227 0.0
1466.92886 0.006065085423987631
1482.04514 0.01991987247856813
1491.33607 3.276e-05
1491.33607 3.8292161858813054e-05
1492.27086 0.0061247194302074546
1500.2736 0.007842538361960623
1535.84131 0.01912971675767199
1536.9357 0.00016453000000000003
1536.9357 0.00019231408396308032
1536.9357 0.00040171
1536.9357 0.0004698855026630906
1541.17647 0.00429516921217206
1561.62791 0.007842538361960623
1563.15549 0.00044657999999999997
1563.15549 0.0005213157566859165
1589.63748 0.002465618994136666
1605.19836 0.009783819866278243
1605.19836 0.01966266358831429
1607.42134 0.0065866607098644565
1610.08892 0.025516860558350007
1619.01505 0.00025
1619.01505 0.0002922173524024195
1619.01505 0.00036895
1619.01505 0.00043014394273636154
1625.64979 0.02276723836037731
1627.87278 0.006395241890379189
1638.39489 0.0001396
1638.39489 0.00016317416958151106
1656.32695 0.003659100436070788
1663.88509 0.004809207771891465
1684.56452 3.704e-05
1684.56452 4.3294922931942476e-05
1722.57182 0.004809207771891465
1722.57182 0.02181811639977425
1733.58413 0.00011538
1733.58413 0.00013486415248076464
1743.84405 0.00033618
1743.84405 0.00039274012162885183
1763.27751 0.02073340558765647
1766.64387 0.00063106
1766.64387 0.0007387254668733165
1783.17373 0.00083191
1783.17373 0.000972499348795252
1786.59371 0.0021955511935618584
1786.59371 0.003658905781891213
1810.27911 0.015272447705960052
1819.08345 0.001
1819.08345 0.001168869409609678
1843.37207 0.015272447705960052
1854.99316 0.00067593
1854.99316 0.0007901557208961423
1854.99316 0.0008767800000000001
1854.99316 0.001023929602818078
1865.73187 0.0010975482669824657
1871.06703 0.0012543018959454803
1895.64935 0.012247413673890206
1907.43274 0.00032407000000000003
1907.43274 0.00037871368871353567
1932.42134 0.0001750439448170047
1942.65095 0.005460957881696415
1945.31464 0.0012543018959454803
1963.29229 1.638e-05
1963.29229 1.9146080929406527e-05
1989.65254 0.0
1991.10807 0.0030317548339184727
1996.44323 0.0
