50.0 0.06030344264919707
52.22298 0.4108907860435383
57.55814 0.0029380624335964604
57.55814 0.03232253744116473
60.22572 0.03922856320487498
62.4487 0.12049254931418256
72.67442 0.21499465737188447
72.67442 0.3993158256775792
78.00958 0.1139606261104682
78.00958 0.32045431387209017
82.90014 0.09556404252395827
85.56772 0.14986236280723964
93.12585 0.1351701253034555
93.12585 0.3816545828936296
93.12585 0.4277424775323443
101.12859 0.5144852378629038
108.68673 0.4108907860435383
116.24487 0.17196521781227722
116.24487 0.4342379742704153
116.24487 0.5907225160968016
121.58003 0.48904932794320516
123.80301 0.45757936051214637
126.47059 0.6747258893167352
142.03146 0.5801985145844171
144.25445 0.4541329813355149
149.5896 0.4155613840859429
152.25718 0.37353760567459354
157.14774 0.16161653787742733
162.4829 0.4167739989814243
162.4829 0.6062479588099797
170.04104 0.3875435978166614
172.70862 0.4133276198047929
177.59918 0.3816545828936296
180.26676 0.3548610154901212
187.8249 0.5382220946490665
195.82763 0.15062864645636898
200.71819 0.34551981940531207
208.27633 0.37820240173185227
216.27907 0.3386154570817575
218.50205 0.15216121375462768
218.50205 0.47248355125293695
221.16963 0.4674568433775273
226.50479 0.3514088343283439
238.95349 0.4202261801432016
241.62107 0.45169614757426035
246.95622 0.14769058402277255
251.84679 0.33151382726324424
251.84679 0.3514088343283439
251.84679 0.3840914166548841
257.18194 0.4779623254741889
259.40492 0.4809265487390233
259.40492 0.5148275479461908
262.0725 0.12788657996512298
262.0725 0.4366690060465239
269.63064 0.30572980527511273
269.63064 0.3256248123402124
290.08208 0.11459983759667661
290.08208 0.30349604099396277
298.08482 0.0947977588748289
302.97538 0.33740284218627603
305.64295 0.3857407909223775
308.31053 0.43200420998926525
310.53352 0.3233910480590624
310.53352 0.3909957789784387
328.76197 0.29639441117544946
341.21067 0.281367269647713
343.87825 0.3282204088581258
346.54583 0.08521536258910835
366.99726 0.27548405670982706
374.5554 0.07422747116805002
379.89056 0.25904123080650465
379.89056 0.2729738530408715
418.12585 0.06324150508279353
425.68399 0.245029436679291
459.02873 0.22823952657917201
469.25445 0.05876895001513654
471.92202 0.24970003472169555
484.81532 0.0749956801529812
487.0383 0.09926838860668408
502.59918 0.12047788779967138
502.59918 0.15216121375462768
512.8249 0.1704307251782167
512.8249 0.3022776241133354
515.49248 0.3501904174477166
520.38304 0.19253358018325428
538.16689 0.13746897625084356
538.16689 0.1697915136920083
540.83447 0.2403646406220323
540.83447 0.2673612775056452
543.50205 0.08457615110289994
543.50205 0.11319434246133886
551.06019 0.062475221433664185
566.62107 0.047014774944948864
579.51436 0.17573235787254368
589.74008 0.22290066533304137
602.18878 0.039733154942418185
625.3078 0.20666090890982353
640.86867 0.03896687129328883
666.21067 0.20301146025308753
668.87825 0.14971492758049038
673.76881 0.22411908221366864
679.10397 0.03015075865669762
691.99726 0.31405565395939916
709.78112 0.21478368811400536
717.33926 0.03896687129328883
717.33926 0.16808931166025148
735.12312 0.04778298392988005
763.57729 0.16930772854087875
766.24487 0.20077769597193754
771.13543 0.03743430399503013
781.36115 0.043310428862223055
784.02873 0.2614722625826134
794.25445 0.19732551481016025
794.25445 0.31628941824054907
809.37073 0.061707012448733
814.70588 0.09339226373949115
814.70588 0.14697588771452452
819.59644 0.1087237127294837
827.59918 0.16523362303477526
829.82216 0.13082656773452128
840.04788 0.13887447138618134
858.27633 0.1307361312913067
860.49932 0.1169006138798665
863.16689 0.07870002623570703
870.72503 0.0683513463008571
873.39261 0.09339226373949115
878.72777 0.0456092798096111
888.95349 0.1248529183534207
891.17647 0.14231109165726583
893.84405 0.036028808859692375
914.29549 0.18623783996920523
924.5212 0.036028808859692375
929.85636 0.1412957442567431
955.19836 0.024274633789504698
962.7565 0.1248529183534207
975.64979 0.17071239725602716
980.98495 0.019802078721847704
983.65253 0.1329698955724567
1008.99453 0.16249423592414933
1019.22025 0.019802078721847704
1026.77839 0.134188312453084
1045.00684 0.11794855602986615
1047.22982 0.010348679934849917
1062.7907 0.12323193642480851
1090.80027 0.0029380624335964604
1093.46785 0.13195454817193397
1116.58687 0.12323193642480851
1126.81259 0.009582396285720565
1141.92886 0.17847174498316964
1149.487 0.24421703563819228
1152.15458 0.1307361312913067
1154.82216 0.020568362370977054
1165.04788 0.03679509250882173
1180.60876 0.43322125175359616
1180.60876 0.4907416338178478
1185.49932 0.359716613371431
1190.83447 0.0440767125113524
1190.83447 0.5487208294868349
1205.76835 0.0
1205.76835 0.0
1205.95075 0.5067191428768681
1208.61833 0.13885891049548854
1218.84405 0.3752420560846091
1223.73461 0.039733154942418185
1223.73461 0.4409805994807386
1236.62791 0.24695642274881824
1244.18605 0.17071239725602716
1246.85363 0.1329698955724567
1249.5212 0.017630299937380595
1254.78796 0.00023362
1254.78796 0.0007894292905005802
1267.30506 0.23873826141694038
1269.97264 0.20221534902822555
1271.31783 0.0006146700000000001
1271.31783 0.002071408480202377
1274.8632 0.13885891049548854
1274.8632 0.32274163463687394
1282.86594 0.005876124867192921
1291.26767 0.00095085
1291.26767 0.003204947974254492
1297.98222 0.3989789128707718
1305.54036 0.47248355125293695
1323.76881 0.14474792541852038
1323.76881 0.4254619040264537
1328.65937 0.2994568441965534
1333.99453 0.0037043460827258126
1340.28728 0.0008853299999999999
1340.28728 0.002989035689673137
1344.22025 0.1939971876963477
1356.66895 0.011754175070187674
1356.81715 0.00072507
1356.81715 0.002449254978219749
1372.77702 0.00055769
1372.77702 0.001882485231193691
1377.56498 0.15063113835640637
1379.78796 0.11273320158704012
1385.88691 0.00038533
1385.88691 0.001302220966381299
1402.90698 0.0679921278664474
1405.83675 0.00020513
1405.83675 0.0006949676659962373
1412.1067 5.769e-05
1412.1067 0.00019462468277341226
1418.46785 0.12728395012952942
1420.69083 0.008816112636591213
1438.91929 0.10272414700717104
1441.14227 0.0
1466.92886 0.0074106175012534576
1482.04514 0.057493393028679
1491.33607 3.276e-05
1491.33607 0.00011052010067008122
1492.27086 0.07815854189966683
1500.2736 0.009582396285720565
1535.84131 0.05521281952278844
1536.9357 0.00016453000000000003
1536.9357 0.00040171
1536.9357 0.0005550632528464122
1536.9357 0.0013561990375266378
1541.17647 0.05481135367278988
1561.62791 0.009582396285720565
1563.15549 0.00044657999999999997
1563.15549 0.0015046387331763196
1589.63748 0.03146416544591294
1605.19836 0.1248529183534207
1605.19836 0.25091845160232285
1607.42134 0.008047903651660028
1610.08892 0.3256248123402124
1619.01505 0.00025
1619.01505 0.00036895
1619.01505 0.000843407361645919
1619.01505 0.0012414956363427927
1625.64979 0.06571155436055684
1627.87278 0.08161072306144411
1638.39489 0.0001396
1638.39489 0.0004709586707430812
1656.32695 0.046694376453753884
1663.88509 0.005876124867192921
1684.56452 3.704e-05
1684.56452 0.00012495923470145937
1722.57182 0.005876124867192921
1722.57182 0.06297216724993089
1733.58413 0.00011538
1733.58413 0.0003892493655468245
1743.84405 0.00033618
1743.84405 0.0011335394940521152
1763.27751 0.05984143912350125
1766.64387 0.00063106
1766.64387 0.002132133810240883
1783.17373 0.00083191
1783.17373 0.002806859699557618
1786.59371 0.004470629731855164
1786.59371 0.0280177862692815
1810.27911 0.04407984234906231
1819.08345 0.001
1819.08345 0.003373629446583676
1843.37207 0.04407984234906231
1854.99316 0.00067593
1854.99316 0.0008767800000000001
1854.99316 0.002280573505890565
1854.99316 0.0029552993952073003
1865.73187 0.01400599214206783
1871.06703 0.001532567298258704
1895.64935 0.03534888934130376
1907.43274 0.00032407000000000003
1907.43274 0.001093055940693111
1932.42134 0.0022337642811500057
1942.65095 0.015761596774438932
1945.31464 0.001532567298258704
1963.29229 1.638e-05
1963.29229 5.526005033504061e-05
1989.65254 0.0
1991.10807 0.0037043460827258126
1996.44323 0.0
