50.0 0.2824298766090418
52.22298 0.21657257794758522
57.55814 0.013760352214341746
57.55814 0.1513819088953927
60.22572 0.025861158806381828
62.4487 0.07943387925083706
72.67442 0.1417337399736069
72.67442 0.2104716404448609
78.00958 0.21125728867394195
78.00958 0.5337321412627051
82.90014 0.44757213771877624
85.56772 0.7018771528884131
93.12585 0.20116274131789713
93.12585 0.28198626806511456
93.12585 0.6330663745478877
101.12859 0.3391708324983524
108.68673 0.21657257794758522
116.24487 0.22887842883027326
116.24487 0.38942973056393687
116.24487 0.8053953989045621
121.58003 0.25776843213264744
123.80301 0.24118122159892483
126.47059 0.4448083730027834
142.03146 0.30581140364532855
144.25445 0.23936470186127157
149.5896 0.2190343597469301
152.25718 0.19688443978089898
157.14774 0.756927579014597
162.4829 0.21967350558054888
162.4829 0.39966477122673094
170.04104 0.2042667270648972
172.70862 0.2178569858428956
177.59918 0.20116274131789713
180.26676 0.18704037069755586
187.8249 0.3548191910605903
195.82763 0.7054660258774748
200.71819 0.18211680709886607
208.27633 0.19934316346620742
216.27907 0.17847765139548666
218.50205 0.3114815112789291
218.50205 0.7126437718555979
221.16963 0.3081676889000584
226.50479 0.18522079284586615
238.95349 0.22149308343223859
241.62107 0.23808029396596117
246.95622 0.6917056736631331
251.84679 0.17473451981486782
251.84679 0.18522079284586615
251.84679 0.2024471492132075
257.18194 0.3150933552677117
259.40492 0.25348707248161284
259.40492 0.27135563279660935
262.0725 0.23015977861154716
262.0725 0.598954046614169
269.63064 0.1611442610368694
269.63064 0.17163053406786774
290.08208 0.15996688713283494
290.08208 0.536725874509862
298.08482 0.4439832647297146
302.97538 0.17783850556186792
305.64295 0.25429694684569126
308.31053 0.22770105492623874
310.53352 0.17045316016383322
310.53352 0.20608630491658692
328.76197 0.1562237555522161
341.21067 0.14830324019780208
343.87825 0.216377033047204
346.54583 0.39910431782881106
366.99726 0.14520231256483845
374.5554 0.3476427646916889
379.89056 0.13653561738552983
379.89056 0.17995612346573608
418.12585 0.29619022882338353
425.68399 0.12915027198749515
459.02873 0.15046532833565154
469.25445 0.2752431133621019
471.92202 0.13161205378684004
484.81532 0.35124065494956724
487.0383 0.4649213629221796
502.59918 0.5642555962073622
502.59918 0.7126437718555979
512.8249 0.1593246831851797
512.8249 0.7982086356576221
515.49248 0.18457858889821097
520.38304 0.901726881673771
538.16689 0.6438329935150725
538.16689 0.7952149024104652
540.83447 0.1266915483021867
540.83447 0.14092095291380385
543.50205 0.39611058458165416
543.50205 0.5301432682736434
551.06019 0.29260135583432195
566.62107 0.22019268723591814
579.51436 0.11585034074857495
589.74008 0.11748662505246232
602.18878 0.18608937657101612
625.3078 0.10892696386442959
640.86867 0.1825005035819545
666.21067 0.10700341013550045
668.87825 0.09869852988558761
673.76881 0.11812882900011752
679.10397 0.14121042967011252
691.99726 0.1655326546791799
709.78112 0.11320832351546418
717.33926 0.08859662175008814
717.33926 0.1825005035819545
735.12312 0.2237905774937965
763.57729 0.08923882569774333
766.24487 0.10582603623146596
771.13543 0.1753227576038313
781.36115 0.2028434620325148
784.02873 0.13781696716680378
794.25445 0.10400645837977625
794.25445 0.1667100285832144
809.37073 0.28900346557644363
814.70588 0.07746814477143463
814.70588 0.43740065849349613
819.59644 0.5092051700811785
827.59918 0.10892912246465163
829.82216 0.6127234160973274
840.04788 0.650415599751291
858.27633 0.06890848358340189
860.49932 0.5475015107458635
863.16689 0.3685898801529707
870.72503 0.32012206026300544
873.39261 0.43740065849349613
878.72777 0.2136100809996996
888.95349 0.06580755595043825
891.17647 0.07500942108612618
893.84405 0.16874015136761275
914.29549 0.12277600711622827
924.5212 0.16874015136761275
929.85636 0.07447425112974686
955.19836 0.11368972524142905
962.7565 0.06580755595043825
975.64979 0.11254096645343424
980.98495 0.09274260978014735
983.65253 0.0700858574874364
1008.99453 0.10712320047026033
1019.22025 0.09274260978014735
1026.77839 0.0707280614350916
1045.00684 0.06216840024705884
1047.22982 0.048467819889965194
1062.7907 0.08123980124522837
1090.80027 0.013760352214341746
1093.46785 0.06955068753105707
1116.58687 0.08123980124522837
1126.81259 0.044878946900903584
1141.92886 0.11765626274296626
1149.487 0.16099839060835747
1152.15458 0.06890848358340189
1154.82216 0.09633148276920896
1165.04788 0.17232902435667438
1180.60876 0.2855981120538972
1180.60876 0.3235180258523844
1185.49932 0.2371406878989739
1190.83447 0.2064323350215764
1190.83447 0.3617404093445136
1205.76835 0.0
1205.76835 0.0
1205.95075 0.3340510881250903
1208.61833 0.07318984323443647
1218.84405 0.24737572856176795
1223.73461 0.18608937657101612
1223.73461 0.2907134083434291
1236.62791 0.16280431260274875
1244.18605 0.11254096645343424
1246.85363 0.0700858574874364
1249.5212 0.08257113055486721
1254.78796 0.00023362
1254.78796 0.0005204257964132567
1267.30506 0.15738654661957485
1269.97264 0.1333090693889342
1271.31783 0.0006146700000000001
1271.31783 0.001365561705118545
1274.8632 0.07318984323443647
1274.8632 0.21276518905842137
1282.86594 0.02752070442868349
1291.26767 0.00095085
1291.26767 0.002112839771763221
1297.98222 0.2630240871240059
1305.54036 0.3114815112789291
1323.76881 0.07629382898143656
1323.76881 0.2804828157643651
1328.65937 0.19741485210609533
1333.99453 0.017349225203403356
1340.28728 0.0008853299999999999
1340.28728 0.0019705010924023305
1344.22025 0.1278913034057603
1356.66895 0.05505042612618372
1356.81715 0.00072507
1356.81715 0.001614654394000104
1372.77702 0.00055769
1372.77702 0.0012410153606777657
1377.56498 0.07939475661440021
1379.78796 0.07431858296130506
1385.88691 0.00038533
1385.88691 0.000858480159895372
1402.90698 0.04482333974749048
1405.83675 0.00020513
1405.83675 0.00045815262419286696
1412.1067 5.769e-05
1412.1067 0.00012830497519265288
1418.46785 0.06708890573171218
1420.69083 0.041290073911841974
1438.91929 0.054143909015405424
1441.14227 0.0
1466.92886 0.03470746767562345
1482.04514 0.037902121463567175
1491.33607 3.276e-05
1491.33607 7.285961149785592e-05
1492.27086 0.041195854185062206
1500.2736 0.044878946900903584
1535.84131 0.03639866916281777
1536.9357 0.00016453000000000003
1536.9357 0.00036592160805073976
1536.9357 0.00040171
1536.9357 0.0008940648297355947
1541.17647 0.02889000330237419
1561.62791 0.044878946900903584
1563.15549 0.00044657999999999997
1563.15549 0.000991922671796207
1589.63748 0.01658415241968617
1605.19836 0.06580755595043825
1605.19836 0.13225425773449526
1607.42134 0.03769218365396362
1610.08892 0.17163053406786774
1619.01505 0.00025
1619.01505 0.00036895
1619.01505 0.0005560104662534793
1619.01505 0.0008184474063251215
1625.64979 0.043319887446741076
1627.87278 0.04301543203675191
1638.39489 0.0001396
1638.39489 0.00031047624435594283
1656.32695 0.02461170176537604
1663.88509 0.02752070442868349
1684.56452 3.704e-05
1684.56452 8.23785106801155e-05
1722.57182 0.02752070442868349
1722.57182 0.041513965452349776
1733.58413 0.00011538
1733.58413 0.00025660995038530575
1743.84405 0.00033618
1743.84405 0.0007472780666446762
1763.27751 0.039450054601616866
1766.64387 0.00063106
1766.64387 0.0014055944586887955
1783.17373 0.00083191
1783.17373 0.0018504028316915788
1786.59371 0.014767632682032916
1786.59371 0.020938098192464963
1810.27911 0.02905933100827184
1819.08345 0.001
1819.08345 0.0022240418650139172
1843.37207 0.02905933100827184
1854.99316 0.00067593
1854.99316 0.0008767800000000001
1854.99316 0.001503452300749408
1854.99316 0.0019482606737521915
1865.73187 0.007382287283998232
1871.06703 0.007177745978123217
1895.64935 0.023303510661615824
1907.43274 0.00032407000000000003
1907.43274 0.0007205895642645091
1932.42134 0.001177373904034515
1942.65095 0.01039072359334502
1945.31464 0.007177745978123217
1963.29229 1.638e-05
1963.29229 3.642980574892796e-05
1989.65254 0.0
1991.10807 0.017349225203403356
1996.44323 0.0
