50.0 0.11734079824895709
52.22298 0.24692732067850723
57.55814 0.005716996843265174
57.55814 0.06289445806339171
60.22572 0.045441795275557195
62.4487 0.13957681115082565
72.67442 0.23997127774153237
72.67442 0.24904667434818617
78.00958 0.22174904531642572
78.00958 0.3712096017917636
82.90014 0.18595225315561398
85.56772 0.29160804933763523
93.12585 0.22935764631288505
93.12585 0.26301931872757195
93.12585 0.49549064525179715
101.12859 0.595972193250174
108.68673 0.24692732067850723
116.24487 0.26095795565514224
116.24487 0.3346166494429329
116.24487 0.6842843440617531
121.58003 0.29389717251008024
123.80301 0.2749851038934629
126.47059 0.7815926259985758
142.03146 0.3486738314273108
144.25445 0.27291398133478467
149.5896 0.24973414502149707
152.25718 0.22447969941121695
157.14774 0.31447978310443336
162.4829 0.25046287332918016
162.4829 0.7022687903859803
170.04104 0.23289668570187225
172.70862 0.2483917507705019
177.59918 0.22935764631288505
180.26676 0.21325588877757184
187.8249 0.6234686218328039
195.82763 0.29309911404511857
200.71819 0.20764224009159213
208.27633 0.22728303701589256
216.27907 0.20349302149760712
218.50205 0.2960812434600852
218.50205 0.5473180522817627
221.16963 0.5414951872180733
226.50479 0.21118127948057933
238.95349 0.25253748262617265
241.62107 0.27144955124278997
246.95622 0.2873821172018534
251.84679 0.19922525380093684
251.84679 0.21118127948057933
251.84679 0.23082207640487976
257.18194 0.5536645844048711
259.40492 0.2890157388700979
259.40492 0.3093887508403957
262.0725 0.24884671121900567
262.0725 0.26241889900882265
269.63064 0.18373018873230712
269.63064 0.19568621441194964
290.08208 0.182387794481312
290.08208 0.22299284803724095
298.08482 0.18446118844813064
302.97538 0.20276429318992403
305.64295 0.4468365042833858
308.31053 0.2596155614041471
310.53352 0.19434382016095447
310.53352 0.23497129499886477
328.76197 0.17812002678464173
341.21067 0.16908937455067435
343.87825 0.3802057329170072
346.54583 0.1658153868171144
366.99726 0.16555382190000145
374.5554 0.14443471775779965
379.89056 0.15567240551735145
379.89056 0.3162089287002438
418.12585 0.12305779509222226
425.68399 0.1472519324883819
459.02873 0.26438933759653827
469.25445 0.11435492244025307
471.92202 0.15005875683137174
484.81532 0.14592952885902036
487.0383 0.19316031470636247
502.59918 0.23443058811750872
502.59918 0.2960812434600852
512.8249 0.18165557943531463
512.8249 0.3316307736342288
515.49248 0.210449064434582
520.38304 0.3746393737395265
538.16689 0.2674925128500219
538.16689 0.3303869709134136
540.83447 0.14444859488370632
540.83447 0.1606723882600191
543.50205 0.1645715840962992
543.50205 0.22025798060894242
551.06019 0.12156673038473895
566.62107 0.09148318867345497
579.51436 0.20356579944132908
589.74008 0.13395351255774426
602.18878 0.07731432755862608
625.3078 0.12419413201609383
640.86867 0.07582326285114276
666.21067 0.12200097361641604
668.87825 0.173427587782824
673.76881 0.13468572760374162
679.10397 0.05866852592760984
691.99726 0.18873365821328908
709.78112 0.1290755656560762
717.33926 0.07582326285114276
717.33926 0.10101429570280622
735.12312 0.09297799977467569
763.57729 0.10174651074880356
766.24487 0.1206585793654209
771.13543 0.07284113343617614
781.36115 0.08427512712270649
784.02873 0.1571333488710319
794.25445 0.1185839700684284
794.25445 0.1900760524642842
809.37073 0.12007191928351825
814.70588 0.08832605497716636
814.70588 0.1817263210198321
819.59644 0.2115588543507106
827.59918 0.19140421818079123
829.82216 0.25456745445600826
840.04788 0.2702273802783205
858.27633 0.07856667443551595
860.49932 0.2274697885534283
863.16689 0.15313759040976885
870.72503 0.1330007240712693
873.39261 0.1817263210198321
878.72777 0.08874832124515643
888.95349 0.075031121784843
891.17647 0.08552271737249079
893.84405 0.07010626600787759
914.29549 0.21573519662812687
924.5212 0.07010626600787759
929.85636 0.084912538167493
955.19836 0.0472345322410795
962.7565 0.075031121784843
975.64979 0.19775075030389969
980.98495 0.0385316595891103
983.65253 0.07990906868651108
1008.99453 0.18823095211923702
1019.22025 0.0385316595891103
1026.77839 0.08064128373250844
1045.00684 0.070881903190858
1047.22982 0.020136866338499548
1062.7907 0.1427500772123799
1090.80027 0.005716996843265174
1093.46785 0.07929888948151328
1116.58687 0.1427500772123799
1126.81259 0.018645801631016236
1141.92886 0.20673906550288332
1149.487 0.28289745098018454
1152.15458 0.07856667443551595
1154.82216 0.04002272429659361
1165.04788 0.07159733071536091
1180.60876 0.5018371773749056
1180.60876 0.5684679487412841
1185.49932 0.4166904766986207
1190.83447 0.0857661918301898
1190.83447 0.6356302030933418
1205.76835 0.0
1205.76835 0.0
1205.95075 0.5869760621249305
1208.61833 0.08344810807549828
1218.84405 0.43467492302284794
1223.73461 0.07731432755862608
1223.73461 0.5108254925738892
1236.62791 0.28607071704173875
1244.18605 0.19775075030389969
1246.85363 0.07990906868651108
1249.5212 0.03430572745332844
1254.78796 0.00023362
1254.78796 0.0009144633724183337
1267.30506 0.27655091885707606
1269.97264 0.2342433100117732
1271.31783 0.0006146700000000001
1271.31783 0.0023994893618156277
1274.8632 0.08344810807549828
1274.8632 0.3738592007938987
1282.86594 0.011433993686530348
1291.26767 0.00095085
1291.26767 0.003712564973493235
1297.98222 0.46217135160547784
1305.54036 0.5473180522817627
1323.76881 0.08698714746448549
1323.76881 0.49284886217592194
1328.65937 0.3468864392706879
1333.99453 0.00720806155074849
1340.28728 0.0008853299999999999
1340.28728 0.0034624553331736906
1344.22025 0.2247235118271105
1356.66895 0.022871733766798092
1356.81715 0.00072507
1356.81715 0.00283718123237483
1372.77702 0.00055769
1372.77702 0.0021806434265360265
1377.56498 0.09052270011515844
1379.78796 0.13058849595184205
1385.88691 0.00038533
1385.88691 0.0015084737681772514
1402.90698 0.07876108892187648
1405.83675 0.00020513
1405.83675 0.0008050404047785332
1412.1067 5.769e-05
1412.1067 0.0002254503929692892
1418.46785 0.07649206513852344
1420.69083 0.017154736923532917
1438.91929 0.06173270185420538
1441.14227 0.0
1466.92886 0.014419869495234376
1482.04514 0.06659950766133864
1491.33607 3.276e-05
1491.33607 0.0001280248721385667
1492.27086 0.04696985183157303
1500.2736 0.018645801631016236
1535.84131 0.06395772458546346
1536.9357 0.00016453000000000003
1536.9357 0.00040171
1536.9357 0.0006429771737777284
1536.9357 0.0015710011782571374
1541.17647 0.03293921685493805
1561.62791 0.018645801631016236
1563.15549 0.00044657999999999997
1563.15549 0.0017429515559768242
1589.63748 0.018908581878303063
1605.19836 0.075031121784843
1605.19836 0.1507909718773691
1607.42134 0.015659925822312206
1610.08892 0.19568621441194964
1619.01505 0.00025
1619.01505 0.00036895
1619.01505 0.0009769907824982197
1619.01505 0.0014381304318373796
1625.64979 0.07611930584600131
1627.87278 0.04904446112856554
1638.39489 0.0001396
1638.39489 0.000545551652947006
1656.32695 0.02806126995326997
1663.88509 0.011433993686530348
1684.56452 3.704e-05
1684.56452 0.00014475095433493624
1722.57182 0.011433993686530348
1722.57182 0.07294603978444708
1733.58413 0.00011538
1733.58413 0.0004509007859385784
1743.84405 0.00033618
1743.84405 0.0013130756116776074
1763.27751 0.0693194499998137
1766.64387 0.00063106
1766.64387 0.0024698326981554995
1783.17373 0.00083191
1783.17373 0.003251425324154075
1786.59371 0.008699126258231805
1786.59371 0.016837459319624836
1810.27911 0.05106144625648696
1819.08345 0.001
1819.08345 0.003907963129992879
1843.37207 0.05106144625648696
1854.99316 0.00067593
1854.99316 0.0008767800000000001
1854.99316 0.0026417830758751863
1854.99316 0.0034233757018737624
1865.73187 0.008416986290655282
1871.06703 0.002982129414966631
1895.64935 0.040947637676065386
1907.43274 0.00032407000000000003
1907.43274 0.0012661800541176927
1932.42134 0.0013423942509951466
1942.65095 0.018258003743326732
1945.31464 0.002982129414966631
1963.29229 1.638e-05
1963.29229 6.401243606928335e-05
1989.65254 0.0
1991.10807 0.00720806155074849
1996.44323 0.0
