50.0 0.18786230886068403
52.22298 0.4514549146449813
57.55814 0.009152896884563194
57.55814 0.10069386166320245
60.22572 0.05750868744808035
62.4487 0.1766408910298966
72.67442 0.31518005105704033
72.67442 0.43873724629726757
78.00958 0.35501963735078346
78.00958 0.4697828692224163
82.90014 0.2977090674084497
85.56772 0.4668637187442631
93.12585 0.41933244306396406
93.12585 0.42109323635494345
93.12585 0.6270662608825343
101.12859 0.7542302935334667
108.68673 0.4514549146449813
116.24487 0.4771069935578635
116.24487 0.5357203742061146
116.24487 0.86599339285852
121.58003 0.5373294561547816
123.80301 0.5027526976996441
126.47059 0.9891415109748943
142.03146 0.6374771101610885
144.25445 0.4989660836652872
149.5896 0.45658660538177803
152.25718 0.4104141382928104
157.14774 0.5034813042490195
162.4829 0.45791893254201477
162.4829 0.8887535390260524
170.04104 0.4258028357320991
172.70862 0.45413231850765784
177.59918 0.41933244306396406
180.26676 0.389893750116725
187.8249 0.7890282918895635
195.82763 0.469250909412714
200.71819 0.3796303686431315
208.27633 0.4155394542585056
216.27907 0.37204439103221454
218.50205 0.4740252907496159
218.50205 0.6926562344752795
221.16963 0.6852871302185166
226.50479 0.3861007613112665
238.95349 0.46171192134747324
241.62107 0.49628867980261065
246.95622 0.46009801252815086
251.84679 0.36424167120384277
251.84679 0.3861007613112665
251.84679 0.4220098469266406
257.18194 0.7006880635443956
259.40492 0.5284047766125263
259.40492 0.5656525641592387
262.0725 0.3984029290716521
262.0725 0.4797780226494384
269.63064 0.33591218842828396
269.63064 0.3577712785357077
290.08208 0.3334579015541638
290.08208 0.3570109622299938
298.08482 0.2953218767399987
302.97538 0.3707120638719778
305.64295 0.5654922018243471
308.31053 0.4746527066837433
310.53352 0.35531699166158753
310.53352 0.4295958245375576
328.76197 0.3256551817257921
341.21067 0.30914452457261987
343.87825 0.48116788801373733
346.54583 0.2654699974513545
366.99726 0.30268050667558644
374.5554 0.23123960261504906
379.89056 0.2846144053736212
379.89056 0.40017698109511296
418.12585 0.19701520574524722
425.68399 0.2692193331632309
459.02873 0.3345968989174775
469.25445 0.1830819295572785
471.92202 0.27435102390002764
484.81532 0.23363279125000366
487.0383 0.3092491549614638
502.59918 0.37532275396562387
502.59918 0.4740252907496159
512.8249 0.3321191996228255
512.8249 0.530939994902709
515.49248 0.38476205937992825
520.38304 0.5997966503645606
538.16689 0.4282548083602963
538.16689 0.5289486700234988
540.83447 0.2640940171975357
540.83447 0.2937558271333312
543.50205 0.2634786725721442
543.50205 0.3526324466823325
551.06019 0.19462801507679628
566.62107 0.14646434405252207
579.51436 0.25762190653341127
589.74008 0.244905956181687
602.18878 0.12378003473573437
625.3078 0.22706297186827815
640.86867 0.12139284406728341
666.21067 0.22305324084536488
668.87825 0.2194806098702193
673.76881 0.2462446581130253
679.10397 0.0939281554470902
691.99726 0.3450599849590956
709.78112 0.23598765141053338
717.33926 0.12139284406728341
717.33926 0.184683493584769
735.12312 0.14885753268747667
763.57729 0.18602219551610727
766.24487 0.2205989539712447
771.13543 0.11661846273038153
781.36115 0.13492425649950793
784.02873 0.28728543446519617
794.25445 0.21680596516578624
794.25445 0.34751427183321576
809.37073 0.1922348264418417
814.70588 0.16148570154600694
814.70588 0.29094336119233744
819.59644 0.3387051684608674
827.59918 0.24223086462264187
829.82216 0.40756182392271895
840.04788 0.4326333239079576
858.27633 0.14364271723259808
860.49932 0.36417853220185026
863.16689 0.24517287880301783
870.72503 0.21293380884592267
873.39261 0.29094336119233744
878.72777 0.14208582850486076
888.95349 0.13717869933556465
891.17647 0.1563603855803118
893.84405 0.11223994718272023
914.29549 0.2730228398592903
924.5212 0.11223994718272023
929.85636 0.15524480063752988
955.19836 0.07562236167796381
962.7565 0.13717869933556465
975.64979 0.250262693691758
980.98495 0.06168908548999506
983.65253 0.14609700410671828
1008.99453 0.2382149500880838
1019.22025 0.06168908548999506
1026.77839 0.14743570603805656
1045.00684 0.1295927217246477
1047.22982 0.032239069957095134
1062.7907 0.1806568055644547
1090.80027 0.009152896884563194
1093.46785 0.14498141916393636
1116.58687 0.1806568055644547
1126.81259 0.029851879288644183
1141.92886 0.26163782106796935
1149.487 0.358019769897363
1152.15458 0.14364271723259808
1154.82216 0.06407627615844601
1165.04788 0.11462713785117119
1180.60876 0.6350980899516504
1180.60876 0.7194224037622601
1185.49932 0.5273410137460454
1190.83447 0.13731144716795887
1190.83447 0.8044193338003328
1205.76835 0.0
1205.76835 0.0
1205.95075 0.7428452747421457
1208.61833 0.15256739677485331
1218.84405 0.5501011599135777
1223.73461 0.12378003473573437
1223.73461 0.6464732173278617
1236.62791 0.3620356844319211
1244.18605 0.250262693691758
1246.85363 0.14609700410671828
1249.5212 0.05492337927388282
1254.78796 0.00023362
1254.78796 0.0011572955678406263
1267.30506 0.34998794082824686
1269.97264 0.29644571083917587
1271.31783 0.0006146700000000001
1271.31783 0.0030366644386929254
1274.8632 0.15256739677485331
1274.8632 0.4731360589446212
1282.86594 0.01830579376912639
1291.26767 0.00095085
1291.26767 0.004698422177130748
1297.98222 0.5848991582696744
1305.54036 0.6926562344752795
1323.76881 0.15903778944298838
1323.76881 0.6237229625754391
1328.65937 0.4390007854008776
1333.99453 0.011540087553014148
1340.28728 0.0008853299999999999
1340.28728 0.004381896893618782
1344.22025 0.2843979672355016
1356.66895 0.036617585504756425
1356.81715 0.00072507
1356.81715 0.0035905836848388662
1372.77702 0.00055769
1372.77702 0.0027597048156199552
1377.56498 0.16550180734002182
1379.78796 0.16526576365368534
1385.88691 0.00038533
1385.88691 0.0019090431161815462
1402.90698 0.0996757900609401
1405.83675 0.00020513
1405.83675 0.0010188157563041412
1412.1067 5.769e-05
1412.1067 0.00028531786884070825
1418.46785 0.1398497284271396
1420.69083 0.02746468862019323
1438.91929 0.11286532235402073
1441.14227 0.0
1466.92886 0.02308617307253194
1482.04514 0.08428474815017074
1491.33607 3.276e-05
1491.33607 0.00016202137949768768
1492.27086 0.08587454150980024
1500.2736 0.029851879288644183
1535.84131 0.08094144984307561
1536.9357 0.00016453000000000003
1536.9357 0.00040171
1536.9357 0.0008137172640034968
1536.9357 0.0019881744370595375
1541.17647 0.06022246259691803
1561.62791 0.029851879288644183
1563.15549 0.00044657999999999997
1563.15549 0.0022057855694740144
1589.63748 0.03457038368403583
1605.19836 0.13717869933556465
1605.19836 0.275689725831366
1607.42134 0.025071499985238634
1610.08892 0.3577712785357077
1619.01505 0.00025
1619.01505 0.00036895
1619.01505 0.001236426888718618
1619.01505 0.0018200203801938056
1625.64979 0.09633249175384496
1627.87278 0.08966753031525872
1638.39489 0.0001396
1638.39489 0.0006904207746604762
1656.32695 0.051304157825764404
1663.88509 0.01830579376912639
1684.56452 3.704e-05
1684.56452 0.00018318900783255044
1722.57182 0.01830579376912639
1722.57182 0.09231657721928689
1733.58413 0.00011538
1733.58413 0.0005706357376814165
1743.84405 0.00033618
1743.84405 0.0016617577384378226
1763.27751 0.08772696060836338
1766.64387 0.00063106
1766.64387 0.003125687174680666
1783.17373 0.00083191
1783.17373 0.00411482868565556
1786.59371 0.0139272782214651
1786.59371 0.030783769649678966
1810.27911 0.06462061491198985
1819.08345 0.001
1819.08345 0.004945707554874472
1843.37207 0.06462061491198985
1854.99316 0.00067593
1854.99316 0.0008767800000000001
1854.99316 0.003343298307095143
1854.99316 0.0043324398180700375
1865.73187 0.015388697439288678
1871.06703 0.0047743813369019025
1895.64935 0.05182112375997471
1907.43274 0.00032407000000000003
1907.43274 0.0016024092477793287
1932.42134 0.002454286874120191
1942.65095 0.023106345696373532
1945.31464 0.0047743813369019025
1963.29229 1.638e-05
1963.29229 8.101068974884384e-05
1989.65254 0.0
1991.10807 0.011540087553014148
1996.44323 0.0
