50.0 0.00589801500625542
52.22298 0.016972921178660897
57.55814 0.00028735898916208843
57.55814 0.0031613254980688995
60.22572 0.018845711177257876
62.4487 0.057885571070428465
72.67442 0.016494787093861218
72.67442 0.10328512916273562
78.00958 0.011145988577001319
78.00958 0.15394877995402226
82.90014 0.009346699493486408
85.56772 0.014657379842339106
93.12585 0.0132203965878857
93.12585 0.01576524315695384
93.12585 0.20549086000726918
101.12859 0.24716276624992953
108.68673 0.016972921178660897
116.24487 0.016819163063558486
116.24487 0.017937337999329526
116.24487 0.28378775603180717
121.58003 0.020201464665546353
123.80301 0.01890151515379023
126.47059 0.32414363909972266
142.03146 0.023966620791963877
144.25445 0.018759153426285965
149.5896 0.017165852476036206
152.25718 0.015429950132074264
157.14774 0.015807004107630425
162.4829 0.017215942713491413
162.4829 0.29124630116749184
170.04104 0.016008504357992275
172.70862 0.017073580985987147
177.59918 0.01576524315695384
180.26676 0.014658464608780949
187.8249 0.25856613947345775
195.82763 0.014732326682238523
200.71819 0.01427260201403033
208.27633 0.015622641763241655
216.27907 0.013987399226605959
218.50205 0.014882220362037358
218.50205 0.22698482471597178
221.16963 0.22456995460467888
226.50479 0.014515863215068762
238.95349 0.017358544107203597
241.62107 0.01865849361895972
246.95622 0.014444967693076436
251.84679 0.013694047788112321
251.84679 0.014515863215068762
251.84679 0.015865902964280088
257.18194 0.22961687106546155
259.40492 0.019865931974458857
259.40492 0.021266301627333305
262.0725 0.012508024991555308
262.0725 0.018037758140447852
269.63064 0.012628971160117445
269.63064 0.013450786587073887
290.08208 0.011208507046465154
290.08208 0.012536699670068386
298.08482 0.00927175265358699
302.97538 0.013937308989150753
305.64295 0.18531291847331144
308.31053 0.017845066509280465
310.53352 0.013358515097024825
310.53352 0.016151105751704458
328.76197 0.012243348231574747
341.21067 0.011622612753062882
343.87825 0.15767967324006008
346.54583 0.008334540537558345
366.99726 0.01137959121823237
374.5554 0.007259863112166445
379.89056 0.010700377184988112
379.89056 0.1311387920705748
418.12585 0.006185373995417508
425.68399 0.010121583292862184
459.02873 0.10964806879826319
469.25445 0.005747933017813622
471.92202 0.010314514590237493
484.81532 0.007334998260708826
487.0383 0.009709005322547913
502.59918 0.011783413333432295
502.59918 0.014882220362037358
512.8249 0.01248636976640526
512.8249 0.01666908107511669
515.49248 0.014465533311405638
520.38304 0.01883086429633607
538.16689 0.013445237107583953
538.16689 0.016606562605652853
540.83447 0.009928891661694795
540.83447 0.011044058527144874
543.50205 0.008272022068094508
543.50205 0.011071041737101902
551.06019 0.006110427155518091
566.62107 0.004598308752522305
579.51436 0.08442321080352277
589.74008 0.009207496375856683
602.18878 0.003886125464834875
625.3078 0.008536670659889613
640.86867 0.003811178624935457
666.21067 0.00838592061510816
668.87825 0.07192423207983746
673.76881 0.009257826279519807
679.10397 0.0029489133488062283
691.99726 0.012972892168482129
709.78112 0.008872203350977109
717.33926 0.003811178624935457
717.33926 0.006943369709639855
735.12312 0.004673443901064686
763.57729 0.0069936996133029795
766.24487 0.0082936491250591
771.13543 0.0036612849451366216
781.36115 0.004236002923460799
784.02873 0.010800797326106441
794.25445 0.008151047731346915
794.25445 0.013065163658531187
809.37073 0.00603529200697571
814.70588 0.006071224379020289
814.70588 0.009134287344223738
819.59644 0.010633789068140978
827.59918 0.07937953577913108
829.82216 0.012795572289360358
840.04788 0.013582702416947208
858.27633 0.005400398663053221
860.49932 0.011433535874806371
863.16689 0.007697304089770332
870.72503 0.006685145133842268
873.39261 0.009134287344223738
878.72777 0.004460843443159051
888.95349 0.005157377128222706
891.17647 0.0058785327478529
893.84405 0.0035238196357733685
914.29549 0.08947012726430545
924.5212 0.0035238196357733685
929.85636 0.005836591161466963
955.19836 0.0023741953704820517
962.7565 0.005157377128222706
975.64979 0.08201158212862084
980.98495 0.0019367543928781646
983.65253 0.0054926701531022816
1008.99453 0.07806351260438621
1019.22025 0.0019367543928781646
1026.77839 0.005543000056765406
1045.00684 0.0048721743407983365
1047.22982 0.0010121589559280637
1062.7907 0.05920159424517334
1090.80027 0.00028735898916208843
1093.46785 0.005450728566716344
1116.58687 0.05920159424517334
1126.81259 0.0009372121160286462
1141.92886 0.08573923397826765
1149.487 0.11732379017214462
1152.15458 0.005400398663053221
1154.82216 0.0020117012327775822
1165.04788 0.003598766475672786
1180.60876 0.20812290635675892
1180.60876 0.23575615159001026
1185.49932 0.17281069831323514
1190.83447 0.004310949763360216
1190.83447 0.2636098144978495
1205.76835 0.0
1205.76835 0.0
1205.95075 0.2434318729638917
1208.61833 0.005735931354140715
1218.84405 0.18026924344891976
1223.73461 0.003886125464834875
1223.73461 0.21185055820640572
1236.62791 0.11863981334688949
1244.18605 0.08201158212862084
1246.85363 0.0054926701531022816
1249.5212 0.001724342243615494
1254.78796 0.00023362
1254.78796 0.0003792480577466755
1267.30506 0.11469174382265486
1269.97264 0.09714584863818689
1271.31783 0.0006146700000000001
1271.31783 0.0009951209720361486
1274.8632 0.005735931354140715
1274.8632 0.15504762689057033
1282.86594 0.0005747179783241769
1291.26767 0.00095085
1291.26767 0.0015396822857236827
1297.98222 0.19167261667244798
1305.54036 0.22698482471597178
1323.76881 0.005979192555179149
1323.76881 0.2043952545071121
1328.65937 0.1438614299052389
1333.99453 0.00036230582906150597
1340.28728 0.0008853299999999999
1340.28728 0.0014359563212117713
1344.22025 0.09319777911395226
1356.66895 0.001149624265291317
1356.81715 0.00072507
1356.81715 0.0011766414099319933
1372.77702 0.00055769
1372.77702 0.0009043607530882262
1377.56498 0.006222214090009662
1379.78796 0.05415791922078166
1385.88691 0.00038533
1385.88691 0.0006255972234624648
1402.90698 0.032663954512079055
1405.83675 0.00020513
1405.83675 0.0003338679482727144
1412.1067 5.769e-05
1412.1067 9.3499232698315e-05
1418.46785 0.005257797269341035
1420.69083 0.0008622652761292286
1438.91929 0.004243290211217205
1441.14227 0.0
1466.92886 0.0007247999667659754
1482.04514 0.027620279487687367
1491.33607 3.276e-05
1491.33607 5.309472808453457e-05
1492.27086 0.0032285434868854538
1500.2736 0.0009372121160286462
1535.84131 0.026524673987530306
1536.9357 0.00016453000000000003
1536.9357 0.00026665676470538684
1536.9357 0.00040171
1536.9357 0.0006515287145904426
1541.17647 0.0022641266662168274
1561.62791 0.0009372121160286462
1563.15549 0.00044657999999999997
1563.15549 0.0007228403151923816
1589.63748 0.0012997098455482011
1605.19836 0.005157377128222706
1605.19836 0.010364844493900618
1607.42134 0.0007871301275868477
1610.08892 0.013450786587073887
1619.01505 0.00025
1619.01505 0.00036895
1619.01505 0.00040517954887465333
1619.01505 0.0005964242959434897
1625.64979 0.031568349011921994
1627.87278 0.003371144880597639
1638.39489 0.0001396
1638.39489 0.00022625226009160643
1656.32695 0.0019288336413372529
1663.88509 0.0005747179783241769
1684.56452 3.704e-05
1684.56452 6.0031401961268634e-05
1722.57182 0.0005747179783241769
1722.57182 0.030252325837177116
1733.58413 0.00011538
1733.58413 0.00018699846539663
1743.84405 0.00033618
1743.84405 0.0005445613136875341
1763.27751 0.028748299351754405
1766.64387 0.00063106
1766.64387 0.0010242938995551237
1783.17373 0.00083191
1783.17373 0.001348437538654846
1786.59371 0.00043725266896092356
1786.59371 0.0011573481180439356
1810.27911 0.021176303942384882
1819.08345 0.001
1819.08345 0.0016207181954986133
1843.37207 0.021176303942384882
1854.99316 0.00067593
1854.99316 0.0008767800000000001
1854.99316 0.0010956055001570626
1854.99316 0.0014197491392567852
1865.73187 0.000578554225918008
1871.06703 0.00014989367979883513
1895.64935 0.01698188525243447
1907.43274 0.00032407000000000003
1907.43274 0.0005251126953415507
1932.42134 9.227149004906093e-05
1942.65095 0.007571995409369521
1945.31464 0.00014989367979883513
1963.29229 1.638e-05
1963.29229 2.6547364042267284e-05
1989.65254 0.0
1991.10807 0.00036230582906150597
1996.44323 0.0
