50.0 0.16703632246987588
52.22298 0.45445159670016927
57.55814 0.00813822764563809
57.55814 0.08953117019329768
60.22572 0.04353567954319299
62.4487 0.13372207865193333
72.67442 0.23860008478918154
72.67442 0.44164951060156804
78.00958 0.3156629713927382
78.00958 0.35563872793677465
82.90014 0.2647057203088117
85.56772 0.41510827342957535
93.12585 0.37441180215574554
93.12585 0.42211590153683526
93.12585 0.4747066399450843
101.12859 0.570973357558997
108.68673 0.45445159670016927
116.24487 0.47633163736923806
116.24487 0.4802739498133378
116.24487 0.6555811393200114
121.58003 0.540896159023105
123.80301 0.5060898858407427
126.47059 0.748807697681338
142.03146 0.641708576370987
144.25445 0.5022781368970989
149.5896 0.45961735073995574
152.25718 0.4131383985534051
157.14774 0.44766651705776705
162.4829 0.46095852166457113
162.4829 0.672811204443659
170.04104 0.4286292435870008
172.70862 0.4571467727209274
177.59918 0.42211590153683526
180.26676 0.3924817994800231
187.8249 0.5973164123634266
195.82763 0.417230825594034
200.71819 0.3821502914004502
208.27633 0.4182977355074279
216.27907 0.37451395934163545
218.50205 0.4214759299229514
218.50205 0.5243600783783338
221.16963 0.5187814610306078
226.50479 0.3886636334506157
238.95349 0.4647766876939785
241.62107 0.4995829608763408
246.95622 0.409092597948396
251.84679 0.36665944636685455
251.84679 0.3886636334506157
251.84679 0.4248110775575934
257.18194 0.5304403968835062
259.40492 0.5319122389539112
259.40492 0.5694072710712679
262.0725 0.3542368905021093
262.0725 0.4829627087483322
269.63064 0.33814191723292786
269.63064 0.36014610431668903
290.08208 0.3174335425450002
290.08208 0.33567133921389963
298.08482 0.26258316814435295
302.97538 0.37317278841702006
305.64295 0.42809336076442095
308.31053 0.4778033717943095
310.53352 0.3576755262976607
310.53352 0.43244740961640815
328.76197 0.32781682623911873
341.21067 0.3111965741111101
343.87825 0.3642575045370869
346.54583 0.23604059999734064
366.99726 0.3046896491467083
374.5554 0.20560490853360763
379.89056 0.2865036280923545
379.89056 0.30294513025093894
418.12585 0.17517455011551397
425.68399 0.2710063659729952
459.02873 0.2532991798946662
469.25445 0.16278588509531916
471.92202 0.27617212001278163
484.81532 0.20773279374370565
487.0383 0.27496650011890844
502.59918 0.3337153308819158
502.59918 0.4214759299229514
512.8249 0.3343237512035205
512.8249 0.4720811999946813
515.49248 0.3873160454402367
520.38304 0.533304563934344
538.16689 0.3807794586491216
538.16689 0.4703106288424193
540.83447 0.2658470290189725
540.83447 0.2957057290775145
543.50205 0.23427002884507864
543.50205 0.3135404192282795
551.06019 0.17305199795105528
566.62107 0.13022764146712745
579.51436 0.1950269648611045
589.74008 0.24653160087020579
602.18878 0.11005806285913057
625.3078 0.22857017781758185
640.86867 0.10793551069467187
666.21067 0.22453383087220835
668.87825 0.1661529400385121
673.76881 0.24787918888058486
679.10397 0.08351549471211826
691.99726 0.34735043530385157
709.78112 0.2375540978867757
717.33926 0.10793551069467187
717.33926 0.18590939166043866
735.12312 0.1323555266772255
763.57729 0.18725697967081772
766.24487 0.22206325285318007
771.13543 0.1036904063657545
781.36115 0.11996686165703069
784.02873 0.289192387027349
794.25445 0.2182450868237727
794.25445 0.34982101332287985
809.37073 0.17092411274095726
814.70588 0.1625576165662984
814.70588 0.25869004482763225
819.59644 0.30115708725372403
827.59918 0.18337551708518288
829.82216 0.36238045119338674
840.04788 0.38467258196584236
858.27633 0.1445961935136745
860.49932 0.32380653208401566
863.16689 0.21799357355380247
870.72503 0.18932845324233147
873.39261 0.25869004482763225
878.72777 0.12633451815040675
888.95349 0.1380892685492727
891.17647 0.15739827961227568
893.84405 0.09979728304903379
914.29549 0.20668590071400292
924.5212 0.09979728304903379
929.85636 0.15627528960362647
955.19836 0.06723903942084208
962.7565 0.1380892685492727
975.64979 0.18945583559035534
980.98495 0.05485037440064728
983.65253 0.14706677153270278
1008.99453 0.18033535783259663
1019.22025 0.05485037440064728
1026.77839 0.14841435954308188
1045.00684 0.13045293649045794
1047.22982 0.02866512031147099
1062.7907 0.13676223790451958
1090.80027 0.00813822764563809
1093.46785 0.14594378152405357
1116.58687 0.13676223790451958
1126.81259 0.0265425681470123
1141.92886 0.19806712411369073
1149.487 0.2710309461757603
1152.15458 0.1445961935136745
1154.82216 0.05697292656510597
1165.04788 0.10191983521349249
1180.60876 0.4807869584502567
1180.60876 0.5446228146775908
1185.49932 0.39921184786485175
1190.83447 0.12208941382148937
1190.83447 0.6089678601393482
1205.76835 0.0
1205.76835 0.0
1205.95075 0.5623545809586848
1208.61833 0.1535801135828683
1218.84405 0.4164419129884993
1223.73461 0.11005806285913057
1223.73461 0.4893982469735921
1236.62791 0.27407110542834656
1244.18605 0.18945583559035534
1246.85363 0.14706677153270278
1249.5212 0.04883469891946788
1254.78796 0.00023362
1254.78796 0.0008761050062871655
1267.30506 0.2649506276705878
1269.97264 0.22441766699509702
1271.31783 0.0006146700000000001
1271.31783 0.0022988396318817076
1274.8632 0.1535801135828683
1274.8632 0.3581771860319144
1282.86594 0.01627645529127618
1291.26767 0.00095085
1291.26767 0.0035568365639863557
1297.98222 0.44278496779292875
1305.54036 0.5243600783783338
1323.76881 0.16009345563303384
1323.76881 0.4721756699269213
1328.65937 0.3323358323849314
1333.99453 0.010260779810096779
1340.28728 0.0008853299999999999
1340.28728 0.0033172181007283274
1344.22025 0.21529718923733832
1356.66895 0.0325582436281917
1356.81715 0.00072507
1356.81715 0.0027181719425832572
1372.77702 0.00055769
1372.77702 0.002089173476530933
1377.56498 0.16660038059743565
1379.78796 0.12511079012859797
1385.88691 0.00038533
1385.88691 0.0014451988565249824
1402.90698 0.07545735169534844
1405.83675 0.00020513
1405.83675 0.0007712719286117782
1412.1067 5.769e-05
1412.1067 0.00021599358039618195
1418.46785 0.14077802748426713
1420.69083 0.02442001598255361
1438.91929 0.11361450344648326
1441.14227 0.0
1466.92886 0.0205268926658329
1482.04514 0.06380590391942681
1491.33607 3.276e-05
1491.33607 0.00012265470088020317
1492.27086 0.08644456232293565
1500.2736 0.0265425681470123
1535.84131 0.061274933901263894
1536.9357 0.00016453000000000003
1536.9357 0.00040171
1536.9357 0.0006160066524975527
1536.9357 0.0015051034723394896
1541.17647 0.06062220920976714
1561.62791 0.0265425681470123
1563.15549 0.00044657999999999997
1563.15549 0.001669841165829384
1589.63748 0.03479985609659862
1605.19836 0.1380892685492727
1605.19836 0.2775197080231608
1607.42134 0.02229213077245558
1610.08892 0.36014610431668903
1619.01505 0.00025
1619.01505 0.00036895
1619.01505 0.0009360096221016726
1619.01505 0.0013778061637336621
1625.64979 0.07292638167718551
1627.87278 0.09026272835234303
1638.39489 0.0001396
1638.39489 0.000522667772981574
1656.32695 0.05164470622633703
1663.88509 0.01627645529127618
1684.56452 3.704e-05
1684.56452 0.0001386791856105838
1722.57182 0.01627645529127618
1722.57182 0.06988622242459927
1733.58413 0.00011538
1733.58413 0.0004319871607923639
1743.84405 0.00033618
1743.84405 0.001257996932104648
1763.27751 0.06641175470735787
1766.64387 0.00063106
1766.64387 0.0023662323246730283
1783.17373 0.00083191
1783.17373 0.003115040022354366
1786.59371 0.012383331974555468
1786.59371 0.030988107152954962
1810.27911 0.048919606889521815
1819.08345 0.001
1819.08345 0.0037440384884066904
1843.37207 0.048919606889521815
1854.99316 0.00067593
1854.99316 0.0008767800000000001
1854.99316 0.0025309700181629226
1854.99316 0.003279777715844261
1865.73187 0.015490845033595628
1871.06703 0.004245104328917378
1895.64935 0.0392300352815253
1907.43274 0.00032407000000000003
1907.43274 0.0012130684702437676
1932.42134 0.0024705780190283
1942.65095 0.017492147817836055
1945.31464 0.004245104328917378
1963.29229 1.638e-05
1963.29229 6.132735044010158e-05
1989.65254 0.0
1991.10807 0.010260779810096779
1996.44323 0.0
