50.0 0.22117270405606523
52.22298 0.006034437411700545
57.55814 0.010775822815030029
57.55814 0.11854817393101189
60.22572 0.04307485693114764
62.4487 0.13230663830004033
72.67442 0.005864444858341381
72.67442 0.236074516899568
78.00958 0.3518743128806202
78.00958 0.41796916934575845
82.90014 0.35049670080210715
85.56772 0.5496446398777801
93.12585 0.005605067749356273
93.12585 0.46968189803063376
93.12585 0.49575846431978915
101.12859 0.5649296380902887
108.68673 0.006034437411700545
116.24487 0.0063773196346164724
116.24487 0.6307104628899326
116.24487 0.6486418514485682
121.58003 0.007182291891049563
123.80301 0.006720116648232469
126.47059 0.7408816121628421
142.03146 0.008520929992940518
144.25445 0.006669502324074402
149.5896 0.006103030898143716
152.25718 0.005485859938755035
157.14774 0.592754992620741
162.4829 0.006120839641828963
162.4829 0.6656895373444353
170.04104 0.005691555188784619
172.70862 0.006070225317670895
177.59918 0.005605067749356273
180.26676 0.00521157120228228
187.8249 0.5909938532061775
195.82763 0.5524551100484104
200.71819 0.0050743842293959375
208.27633 0.005554368215898277
216.27907 0.004972985162479945
218.50205 0.5188097577331519
218.50205 0.5580760503896711
221.16963 0.5132901897225387
226.50479 0.005160871668824284
238.95349 0.006171539175286959
241.62107 0.006633714418104052
246.95622 0.5416792872333804
251.84679 0.004868688979366353
251.84679 0.005160871668824284
251.84679 0.005640855655326623
257.18194 0.5248257164239141
259.40492 0.007062998871148395
259.40492 0.007560876810635909
262.0725 0.006413022331286892
262.0725 0.469044874733119
269.63064 0.004490018850480076
269.63064 0.004782201539938007
290.08208 0.004457213270007256
290.08208 0.42031358164889737
298.08482 0.34768623063147674
302.97538 0.004955176418794699
305.64295 0.4235620176734968
308.31053 0.006344514054143651
310.53352 0.004749395959465186
310.53352 0.005742254722242615
328.76197 0.004352917086893664
341.21067 0.0041322250000765046
343.87825 0.3604018602366145
346.54583 0.31254123053291555
366.99726 0.004045822769948087
374.5554 0.272241347960585
379.89056 0.003804339613948153
379.89056 0.299738473832721
418.12585 0.23194852687109527
425.68399 0.0035985591546186394
459.02873 0.2506180229463246
469.25445 0.2155447022319637
471.92202 0.0036671526410618103
484.81532 0.2750588796140562
487.0383 0.36408299378776754
502.59918 0.44187228876179824
502.59918 0.5580760503896711
512.8249 0.00443931931702208
512.8249 0.6250824610658311
515.49248 0.005142977715839109
520.38304 0.7061482840779836
538.16689 0.5041898748316802
538.16689 0.6227380487626921
540.83447 0.0035300508774753978
540.83447 0.00392652975004692
543.50205 0.3101968182297766
543.50205 0.4151586991751281
551.06019 0.2291380567004649
566.62107 0.1724343494890028
579.51436 0.19296261588781224
589.74008 0.0032735708846878884
602.18878 0.14572782138517346
625.3078 0.0030350700541854833
640.86867 0.14291735121454308
666.21067 0.002981473404529887
668.87825 0.16439422092281303
673.76881 0.0032914648376730633
679.10397 0.11058282128661222
691.99726 0.0046122941958787736
709.78112 0.0031543630740866503
717.33926 0.002468598628254798
717.33926 0.14291735121454308
735.12312 0.17525188114247398
763.57729 0.0024864925812399727
766.24487 0.0029486678240570664
771.13543 0.13729641087328234
781.36115 0.1588480565033424
784.02873 0.003840042310618574
794.25445 0.0028979682905990703
794.25445 0.004645099776351594
809.37073 0.22632052504699374
814.70588 0.002158521985811692
814.70588 0.34253134815770747
819.59644 0.3987619360188373
827.59918 0.1814344980025584
829.82216 0.47982775903098984
840.04788 0.5093447573054496
858.27633 0.001920021155309287
860.49932 0.4287520536436293
863.16689 0.28864517259971656
870.72503 0.25068970233052495
873.39261 0.34253134815770747
878.72777 0.16727946701523352
888.95349 0.00183361892518087
891.17647 0.0020900137086684503
893.84405 0.13214152839951307
914.29549 0.20449814258918766
924.5212 0.13214152839951307
929.85636 0.0020751020811808044
955.19836 0.08903117565655216
962.7565 0.00183361892518087
975.64979 0.1874504566933207
980.98495 0.07262735101742061
983.65253 0.001952826735782108
1008.99453 0.17842651865717726
1019.22025 0.07262735101742061
1026.77839 0.0019707206887672832
1045.00684 0.001732219858264878
1047.22982 0.03795547026919162
1062.7907 0.13531461764542146
1090.80027 0.010775822815030029
1093.46785 0.0019379151082944618
1116.58687 0.13531461764542146
1126.81259 0.035145000098561245
1141.92886 0.19597059523319338
1149.487 0.2681620995223407
1152.15458 0.001920021155309287
1154.82216 0.07543782118805098
1165.04788 0.13495199857014345
1180.60876 0.47569785672139603
1180.60876 0.5388580141582783
1185.49932 0.394986213892376
1190.83447 0.16165852667397276
1190.83447 0.6025219710914314
1205.76835 0.0
1205.76835 0.0
1205.95075 0.5564020907342944
1208.61833 0.002039314175210454
1218.84405 0.41203389978824295
1223.73461 0.14572782138517346
1223.73461 0.4842179952612687
1236.62791 0.2711700788677218
1244.18605 0.1874504566933207
1246.85363 0.001952826735782108
1249.5212 0.06466199837302096
1254.78796 0.00023362
1254.78796 0.0008668314862305252
1267.30506 0.2621461408315784
1269.97264 0.22204221916520378
1271.31783 0.0006146700000000001
1271.31783 0.002274506549339925
1274.8632 0.002039314175210454
1274.8632 0.35438590154585226
1282.86594 0.021551645630060057
1291.26767 0.00095085
1291.26767 0.0035191876577734997
1297.98222 0.43809811490413175
1305.54036 0.5188097577331519
1323.76881 0.0021258016146388004
1323.76881 0.4671777181815233
1328.65937 0.32881807711011257
1333.99453 0.013586292985660404
1340.28728 0.0008853299999999999
1340.28728 0.0032821055418813905
1344.22025 0.21301828112906035
1356.66895 0.0431103527429609
1356.81715 0.00072507
1356.81715 0.0026894002521511166
1372.77702 0.00055769
1372.77702 0.0020670596979343293
1377.56498 0.0022122038447672174
1379.78796 0.12378649976016766
1385.88691 0.00038533
1385.88691 0.0014299015114742854
1402.90698 0.07465864005764959
1405.83675 0.00020513
1405.83675 0.0007631080605277274
1412.1067 5.769e-05
1412.1067 0.0002137073010283718
1418.46785 0.0018693216218512907
1420.69083 0.032334529927930865
1438.91929 0.0015086306552501189
1441.14227 0.0
1466.92886 0.02717964745416159
1482.04514 0.06313052217239577
1491.33607 3.276e-05
1491.33607 0.00012135640807227353
1492.27086 0.001147854479349017
1500.2736 0.035145000098561245
1535.84131 0.06062634232328537
1536.9357 0.00016453000000000003
1536.9357 0.00040171
1536.9357 0.000609486258245762
1536.9357 0.0014891720404473126
1541.17647 0.0008049722564330907
1561.62791 0.035145000098561245
1563.15549 0.00044657999999999997
1563.15549 0.0016521659951231381
1589.63748 0.0004620900335171643
1605.19836 0.00183361892518087
1605.19836 0.003685046594046986
1607.42134 0.02951699827445971
1610.08892 0.004782201539938007
1619.01505 0.00025
1619.01505 0.00036895
1619.01505 0.0009261020152035527
1619.01505 0.0013632221663796296
1625.64979 0.07215446020853919
1627.87278 0.0011985540128070134
1638.39489 0.0001396
1638.39489 0.0005171353652896638
1656.32695 0.0006857644458318528
1663.88509 0.021551645630060057
1684.56452 3.704e-05
1684.56452 0.00013721127457255836
1722.57182 0.021551645630060057
1722.57182 0.06914648086315806
1733.58413 0.00011538
1733.58413 0.0004274146020567436
1743.84405 0.00033618
1743.84405 0.0012446811084335747
1763.27751 0.06570879018272247
1766.64387 0.00063106
1766.64387 0.002341185894434581
1783.17373 0.00083191
1783.17373 0.003082067506597423
1786.59371 0.0004114757093590976
1786.59371 0.01639676315629078
1810.27911 0.04840179572259847
1819.08345 0.001
1819.08345 0.0037044080608142106
1843.37207 0.04840179572259847
1854.99316 0.00067593
1854.99316 0.0008767800000000001
1854.99316 0.0025041798491104066
1854.99316 0.0032450614612732484
1865.73187 0.00020569525002958413
1871.06703 0.005620940341260749
1895.64935 0.0388147876612113
1907.43274 0.00032407000000000003
1907.43274 0.001200228211703804
1932.42134 3.2805580472820996e-05
1942.65095 0.01730699446012399
1945.31464 0.005620940341260749
1963.29229 1.638e-05
1963.29229 6.0678204036136766e-05
1989.65254 0.0
1991.10807 0.013586292985660404
1996.44323 0.0
