50.0 0.12454895312013889
52.22298 0.30182977526730953
57.55814 0.00606818755663395
57.55814 0.06675801618661256
60.22572 0.01290030343614019
62.4487 0.039623945435602256
72.67442 0.07070094060701256
72.67442 0.29332710788061556
78.00958 0.10538132290953599
78.00958 0.23537091839918972
82.90014 0.19737515686338541
85.56772 0.30952130723834653
93.12585 0.14066300934539172
93.12585 0.2791763929233572
93.12585 0.2803536143843266
101.12859 0.16918834491041035
108.68673 0.30182977526730953
116.24487 0.19425895525181866
116.24487 0.3189800176553079
116.24487 0.35517189252678544
121.58003 0.35924302457365287
123.80301 0.3361259980546412
126.47059 0.22188344403405902
142.03146 0.4261988665009525
144.25445 0.33359437678762555
149.5896 0.30526067614264224
152.25718 0.2743910922419782
157.14774 0.3337980339967019
162.4829 0.19936449329904238
162.4829 0.30615143177362925
170.04104 0.28467953287931125
172.70862 0.3036198105066135
177.59918 0.2803536143843266
180.26676 0.2606717507293126
187.8249 0.17699420447152855
195.82763 0.3111039669025276
200.71819 0.2538099489786473
208.27633 0.27781773112864594
216.27907 0.2487381824672859
218.50205 0.15537610051929016
218.50205 0.31426928623088973
221.16963 0.15372306886123643
226.50479 0.25813586747363193
238.95349 0.3086873150293099
241.62107 0.33180434154832156
246.95622 0.30503577934589365
251.84679 0.24352150834131425
251.84679 0.25813586747363193
251.84679 0.2821436496236306
257.18194 0.15717779408484672
259.40492 0.3532762404426395
259.40492 0.37817904021229015
262.0725 0.26413317304999795
262.0725 0.32076579090594687
269.63064 0.2245812307140119
269.63064 0.23919558984632958
290.08208 0.22294036507798326
290.08208 0.23669112696328046
298.08482 0.19579249719920433
302.97538 0.2478474268362989
305.64295 0.12685076495427153
308.31053 0.3173391520192792
310.53352 0.2375547242103009
310.53352 0.2872154161349919
328.76197 0.2177236909520116
341.21067 0.20668514030963692
343.87825 0.107935201350368
346.54583 0.17600129833330186
366.99726 0.20236348380331726
374.5554 0.15330723123912757
379.89056 0.08976738495285926
379.89056 0.19028500792668027
418.12585 0.13061714067677285
425.68399 0.17999230530068225
459.02873 0.07505651261340114
469.25445 0.12137965725995721
471.92202 0.18342320617601493
484.81532 0.1548938674351282
487.0383 0.20502600408420044
502.59918 0.24883147860836793
502.59918 0.31426928623088973
512.8249 0.22204534745833124
512.8249 0.3520025966666037
515.49248 0.25724084985397994
520.38304 0.3976531819550426
538.16689 0.2839243719159004
538.16689 0.350682388102513
540.83447 0.1765656664140146
540.83447 0.19639669967230391
543.50205 0.17468108976921112
543.50205 0.23378825873500866
551.06019 0.12903448101259177
566.62107 0.09710293050160185
579.51436 0.05778954299867067
589.74008 0.16373708053233593
602.18878 0.08206368716006214
625.3078 0.15180777425897427
640.86867 0.08048102749588107
666.21067 0.14912698338868327
668.87825 0.04923371739671736
673.76881 0.16463209815198795
679.10397 0.06227248829415967
691.99726 0.23069718444830062
709.78112 0.1577745583899876
717.33926 0.08048102749588107
717.33926 0.12347407361399096
735.12312 0.09868956669760248
763.57729 0.12436909123364295
766.24487 0.14748611775265463
771.13543 0.07731570816751894
781.36115 0.08945208328078684
784.02873 0.19207078117731927
794.25445 0.14495023449697395
794.25445 0.23233805008432923
809.37073 0.12744784481659116
814.70588 0.10796469686202129
814.70588 0.19288962897093254
819.59644 0.22455475185001256
827.59918 0.05433703660950071
829.82216 0.27020533713845146
840.04788 0.28682724014417227
858.27633 0.09603539058865963
860.49932 0.24144308248764323
863.16689 0.16254471465594322
870.72503 0.14117085612585967
873.39261 0.19288962897093254
878.72777 0.09420006227333004
888.95349 0.09171373408233997
891.17647 0.10453805797535363
893.84405 0.07441283993924712
914.29549 0.06124426822228097
924.5212 0.07441283993924712
929.85636 0.10379220995897696
955.19836 0.05013611318089177
962.7565 0.09171373408233997
975.64979 0.05613873017505727
980.98495 0.040898629764076135
983.65253 0.0976762562246883
1008.99453 0.05343618982672243
1019.22025 0.040898629764076135
1026.77839 0.0985712738443403
1045.00684 0.08664196757097864
1047.22982 0.021373858530083542
1062.7907 0.04052479221838054
1090.80027 0.00606818755663395
1093.46785 0.09693040820831163
1116.58687 0.04052479221838054
1126.81259 0.01979119886590247
1141.92886 0.05869038978144896
1149.487 0.08031071256812766
1152.15458 0.09603539058865963
1154.82216 0.0424812894282572
1165.04788 0.07599549960342819
1180.60876 0.1424647029109483
1180.60876 0.1613802665148518
1185.49932 0.11829272051787788
1190.83447 0.09103474294496791
1190.83447 0.1804467108606985
1205.76835 0.0
1205.76835 0.0
1205.95075 0.16663446646957833
1208.61833 0.10200217471967296
1218.84405 0.12339825856510157
1223.73461 0.08206368716006214
1223.73461 0.14501636251733996
1236.62791 0.08121155935090595
1244.18605 0.05613873017505727
1246.85363 0.0976762562246883
1249.5212 0.03641310187162325
1254.78796 0.00023362
1254.78796 0.0002596036295198491
1267.30506 0.0785090190025711
1269.97264 0.0664984681770075
1271.31783 0.0006146700000000001
1271.31783 0.0006811821731845611
1274.8632 0.10200217471967296
1274.8632 0.10613350778481144
1282.86594 0.0121363751132679
1291.26767 0.00095085
1291.26767 0.0010539463591617802
1297.98222 0.13120411812621977
1305.54036 0.15537610051929016
1323.76881 0.10632809321465764
1323.76881 0.1399130433045566
1328.65937 0.09847631013119607
1333.99453 0.0076508472208150205
1340.28728 0.0008853299999999999
1340.28728 0.0009829436570708814
1344.22025 0.06379592782867265
1356.66895 0.024276726758355353
1356.81715 0.00072507
1356.81715 0.0008054369018436343
1372.77702 0.00055769
1372.77702 0.0006190548088550247
1377.56498 0.1106497497209773
1379.78796 0.037072285829210586
1385.88691 0.00038533
1385.88691 0.00042823504698573394
1402.90698 0.022359194655312126
1405.83675 0.00020513
1405.83675 0.00022853994735508082
1412.1067 5.769e-05
1412.1067 6.400227943162433e-05
1418.46785 0.09349950733297896
1420.69083 0.0182085392017214
1438.91929 0.07545850931399364
1441.14227 0.0
1466.92886 0.015305670973449592
1482.04514 0.01890668826614217
1491.33607 3.276e-05
1491.33607 3.6344508132778865e-05
1492.27086 0.05741324930634331
1500.2736 0.01979119886590247
1535.84131 0.01815672222530705
1536.9357 0.00016453000000000003
1536.9357 0.00018253241523461864
1536.9357 0.00040171
1536.9357 0.00044598572250845864
1541.17647 0.04026300691834498
1561.62791 0.01979119886590247
1563.15549 0.00044657999999999997
1563.15549 0.0004948000801959517
1589.63748 0.023112764530346656
1605.19836 0.09171373408233997
1605.19836 0.18431822379566695
1607.42134 0.016621903005720782
1610.08892 0.23919558984632958
1619.01505 0.00025
1619.01505 0.0002773543050425738
1619.01505 0.00036895
1619.01505 0.0004082655370226686
1625.64979 0.02160922861447701
1627.87278 0.059949132562023985
1638.39489 0.0001396
1638.39489 0.00015487464393577321
1656.32695 0.034300484775996655
1663.88509 0.0121363751132679
1684.56452 3.704e-05
1684.56452 4.109281383510773e-05
1722.57182 0.0121363751132679
1722.57182 0.02070838183169873
1733.58413 0.00011538
1733.58413 0.00012800455886324865
1743.84405 0.00033618
1743.84405 0.0003727641859772192
1763.27751 0.019678842651380694
1766.64387 0.00063106
1766.64387 0.0007011516831476265
1783.17373 0.00083191
1783.17373 0.0009230351271816854
1786.59371 0.00923350688499609
1786.59371 0.020581143263330996
1810.27911 0.014495645398745075
1819.08345 0.001
1819.08345 0.001109417220170295
1843.37207 0.014495645398745075
1854.99316 0.00067593
1854.99316 0.0007499660408351195
1854.99316 0.0008767800000000001
1854.99316 0.0009718494848691786
1865.73187 0.010288440637332995
1871.06703 0.0031653193283621393
1895.64935 0.011624473632944351
1907.43274 0.00032407000000000003
1907.43274 0.0003594511793351756
1932.42134 0.0016408656360286673
1942.65095 0.005183197252635619
1945.31464 0.0031653193283621393
1963.29229 1.638e-05
1963.29229 1.8172254066389432e-05
1989.65254 0.0
1991.10807 0.0076508472208150205
1996.44323 0.0
