50.0 0.18259393493820686
52.22298 0.6372495637161182
57.55814 0.008896214830806925
57.55814 0.0978700226602796
60.22572 0.028021383053141734
62.4487 0.08606911911988392
72.67442 0.15357298754821264
72.67442 0.6192979846255682
78.00958 0.22890395024525517
78.00958 0.34506353593411654
82.90014 0.2893601724292934
85.56772 0.4537710837388719
93.12585 0.3055410352001927
93.12585 0.4092841798241356
93.12585 0.5919072042989347
101.12859 0.3675023184012918
108.68673 0.6372495637161182
116.24487 0.42195942316865476
116.24487 0.5206967365944837
116.24487 0.6734586635960044
121.58003 0.7584654644323077
123.80301 0.7096587651906321
126.47059 0.48196393280257543
142.03146 0.8998285258421019
144.25445 0.70431378374713
149.5896 0.6444931833491471
152.25718 0.5793186032224037
157.14774 0.4893617728228014
162.4829 0.43304941326244206
162.4829 0.6463738249681571
170.04104 0.601040463836232
172.70862 0.641028843524655
177.59918 0.5919072042989347
180.26676 0.5503531229755464
187.8249 0.3844578095572864
195.82763 0.45609132849815187
200.71819 0.5358658837094886
208.27633 0.5865532245701742
216.27907 0.5251579242519675
218.50205 0.3375000635843315
218.50205 0.4607318180167117
221.16963 0.3339094322849523
226.50479 0.5449991432467859
238.95349 0.6517278046969176
241.62107 0.7005345039385932
246.95622 0.447195113667345
251.84679 0.5141440230956602
251.84679 0.5449991432467859
251.84679 0.5956864841074715
257.18194 0.34141361071868837
259.40492 0.7458678650705183
259.40492 0.7984448458354723
262.0725 0.38723019508957296
262.0725 0.6772289451192827
269.63064 0.47415564340723715
269.63064 0.5050107635583628
290.08208 0.3469990164870837
290.08208 0.47069130358274514
298.08482 0.28703992767001346
302.97538 0.5232772826329575
305.64295 0.2755387803832324
308.31053 0.6699943237715122
310.53352 0.5015464237338708
310.53352 0.6063944435649925
328.76197 0.4596774024264378
341.21067 0.43637184360712733
343.87825 0.2344513551118128
346.54583 0.2580252086576111
366.99726 0.4272475823550884
374.5554 0.22475476433296157
379.89056 0.19498814829393793
379.89056 0.40174644193272324
418.12585 0.1914901497690138
425.68399 0.3800155830336365
459.02873 0.1630339395491272
469.25445 0.17794761565894535
471.92202 0.3872592026666654
484.81532 0.2270808388529432
487.0383 0.30057663201938023
502.59918 0.3647972759093993
502.59918 0.4607318180167117
512.8249 0.46880166367847664
512.8249 0.5160504173152222
515.49248 0.5431095033425175
520.38304 0.5829760701708339
538.16689 0.41624491410197534
538.16689 0.514114936762255
540.83447 0.372780961685866
540.83447 0.41464998299329897
543.50205 0.2560897281046439
543.50205 0.34274329117483665
551.06019 0.18916990500973388
566.62107 0.14235692657501592
579.51436 0.1255275062984308
589.74008 0.3456961230580187
602.18878 0.12030877160115498
625.3078 0.3205099226196983
640.86867 0.11798852684187505
666.21067 0.31485000119215145
668.87825 0.10694297704956346
673.76881 0.34758576296228716
679.10397 0.09129405258875258
691.99726 0.4870681827530714
709.78112 0.33310752198148774
717.33926 0.11798852684187505
717.33926 0.26068932222171537
735.12312 0.14468300109499754
763.57729 0.26257896212598375
766.24487 0.3113856613676594
771.13543 0.11334803732331522
781.36115 0.1311404669849291
784.02873 0.40551672345600165
794.25445 0.3060316816388989
794.25445 0.4905325225775634
809.37073 0.18684383048975226
814.70588 0.22794456216632125
814.70588 0.28278420235776636
819.59644 0.3292065868254699
827.59918 0.1180281475040227
829.82216 0.3961322396810816
840.04788 0.4205006394142225
858.27633 0.20275836172800082
860.49932 0.3539655805256252
863.16689 0.23829729844303005
870.72503 0.20696233467134773
873.39261 0.28278420235776636
878.72777 0.1381012012627688
888.95349 0.1936341004759619
891.17647 0.22070994081855075
893.84405 0.10909231201106813
914.29549 0.13303168473216687
924.5212 0.10909231201106813
929.85636 0.2191352408983271
955.19836 0.07350162292713873
962.7565 0.1936341004759619
975.64979 0.12194169463837962
980.98495 0.05995908881707026
983.65253 0.20622270155249292
1008.99453 0.11607137393684423
1019.22025 0.05995908881707026
1026.77839 0.20811234145676136
1045.00684 0.1829261410184409
1047.22982 0.03133496377168232
1062.7907 0.08802589268706237
1090.80027 0.008896214830806925
1093.46785 0.20464800163226923
1116.58687 0.08802589268706237
1126.81259 0.029014719012402403
1141.92886 0.12748427986560923
1149.487 0.1744468454778922
1152.15458 0.20275836172800082
1154.82216 0.062279333576350175
1165.04788 0.11141255677034806
1180.60876 0.30945458233454964
1180.60876 0.35054200760596915
1185.49932 0.256949431495037
1190.83447 0.13346071174420898
1190.83447 0.3919571683516945
1205.76835 0.0
1205.76835 0.0
1205.95075 0.36195491353473414
1208.61833 0.21535596108979024
1218.84405 0.26803942158882427
1223.73461 0.12030877160115498
1223.73461 0.3149971675617792
1236.62791 0.17640361904507063
1244.18605 0.12194169463837962
1246.85363 0.20622270155249292
1249.5212 0.05338311874554325
1254.78796 0.00023362
1254.78796 0.0005638978013790132
1267.30506 0.17053329834353526
1269.97264 0.14444459066093188
1271.31783 0.0006146700000000001
1271.31783 0.0014796292737039064
1274.8632 0.21535596108979024
1274.8632 0.2305378079774559
1282.86594 0.01779242966161385
1291.26767 0.00095085
1291.26767 0.002289328680812233
1297.98222 0.28499491274481886
1305.54036 0.3375000635843315
1323.76881 0.2244892206270876
1323.76881 0.30391199710732
1328.65937 0.21390523265643901
1333.99453 0.011216459590086844
1340.28728 0.0008853299999999999
1340.28728 0.002135100222315409
1344.22025 0.13857426995939648
1356.66895 0.03559068908392941
1356.81715 0.00072507
1356.81715 0.001749529076073349
1372.77702 0.00055769
1372.77702 0.0013446793725191855
1377.56498 0.23361348187912653
1379.78796 0.08052653389265431
1385.88691 0.00038533
1385.88691 0.0009301903903089706
1402.90698 0.048567505508515525
1405.83675 0.00020513
1405.83675 0.0004964228507866528
1412.1067 5.769e-05
1412.1067 0.00013902249641690288
1418.46785 0.19740438199924032
1420.69083 0.02669447425312248
1438.91929 0.15931464050034416
1441.14227 0.0
1466.92886 0.022438748940875396
1482.04514 0.04106814671410745
1491.33607 3.276e-05
1491.33607 7.894569219306186e-05
1492.27086 0.12121590071618955
1500.2736 0.029014719012402403
1535.84131 0.039439108621234745
1536.9357 0.00016453000000000003
1536.9357 0.0003964876293200387
1536.9357 0.00040171
1536.9357 0.0009687475049331767
1541.17647 0.08500680083630337
1561.62791 0.029014719012402403
1563.15549 0.00044657999999999997
1563.15549 0.0010747795701497433
1589.63748 0.04879770095641719
1605.19836 0.1936341004759619
1605.19836 0.38914884257093385
1607.42134 0.024368399733140853
1610.08892 0.5050107635583628
1619.01505 0.00025
1619.01505 0.00036895
1619.01505 0.0006024549160032193
1619.01505 0.0008868136363567389
1625.64979 0.04693846741564282
1627.87278 0.12656988044495007
1638.39489 0.0001396
1638.39489 0.0003364108250961977
1656.32695 0.07241819975977236
1663.88509 0.01779242966161385
1684.56452 3.704e-05
1684.56452 8.925972035503697e-05
1722.57182 0.01779242966161385
1722.57182 0.044981693848464364
1733.58413 0.00011538
1733.58413 0.00027804499283380575
1743.84405 0.00033618
1743.84405 0.0008096994071083267
1763.27751 0.04274538120026042
1766.64387 0.00063106
1766.64387 0.0015230060276561384
1783.17373 0.00083191
1783.17373 0.0020049699604587135
1786.59371 0.013536704349366763
1786.59371 0.0434527195129151
1810.27911 0.03148670372999225
1819.08345 0.001
1819.08345 0.0024098196640128773
1843.37207 0.03148670372999225
1854.99316 0.00067593
1854.99316 0.0008767800000000001
1854.99316 0.0016290380928727052
1854.99316 0.0021110020256752803
1865.73187 0.02172186061382834
1871.06703 0.004640489518559838
1895.64935 0.025250090439526928
1907.43274 0.00032407000000000003
1907.43274 0.0007807815711401722
1932.42134 0.0034643398244920925
1942.65095 0.011258677470268161
1945.31464 0.004640489518559838
1963.29229 1.638e-05
1963.29229 3.947284609653093e-05
1989.65254 0.0
1991.10807 0.011216459590086844
1996.44323 0.0
