50.0 0.1343058275082874
52.22298 0.5242178049809529
57.55814 0.006543555211444289
57.55814 0.07198768341397557
60.22572 0.008530000588633622
62.4487 0.026200335485349027
72.67442 0.04674921547234636
72.67442 0.5094503764527755
78.00958 0.069680744402574
78.00958 0.2538093269760075
82.90014 0.21283706613370726
85.56772 0.33376848426814487
93.12585 0.0930098705394614
93.12585 0.30104642016687927
93.12585 0.4869180193401077
101.12859 0.11187152990779195
108.68673 0.5242178049809529
116.24487 0.12844883927328407
116.24487 0.3829952298955239
116.24487 0.5540043375109711
121.58003 0.6239331080902656
123.80301 0.5837834678211756
126.47059 0.14671483640580707
142.03146 0.7402219813622798
144.25445 0.5793865492518836
149.5896 0.5301765919309193
152.25718 0.47656231382084935
157.14774 0.35994699315796624
162.4829 0.13182474765898172
162.4829 0.5317236558719665
170.04104 0.4944312724509348
172.70862 0.5273267373026744
177.59918 0.4869180193401077
180.26676 0.4527345682407976
187.8249 0.11703295785254825
195.82763 0.3354751257977352
200.71819 0.4408169943408649
208.27633 0.4825136985510021
216.27907 0.43200835276265376
218.50205 0.10273853134153046
218.50205 0.33888840885691585
221.16963 0.10164550581030721
226.50479 0.44833024745169203
238.95349 0.536127976661072
241.62107 0.5762776169301621
246.95622 0.3289315705862909
251.84679 0.42294803571077944
251.84679 0.44833024745169203
251.84679 0.49002695166182925
257.18194 0.10392985581314561
259.40492 0.6135700003511937
259.40492 0.6568211707221917
262.0725 0.28482474954768283
262.0725 0.557105867612879
269.63064 0.39005257085903966
269.63064 0.4154347825999523
290.08208 0.2552329575986808
290.08208 0.387202716230795
298.08482 0.21113042460411693
302.97538 0.43046128882160656
305.64295 0.0838768719731999
308.31053 0.5511544828827263
310.53352 0.4125849279717075
310.53352 0.4988355932400404
328.76197 0.3781423991789207
341.21067 0.35897064986163757
343.87825 0.07136943216960485
346.54583 0.18978882939614955
366.99726 0.35146479897062405
374.5554 0.1653169620359185
379.89056 0.05935642136469736
379.89056 0.330486908018817
418.12585 0.14084938271973169
425.68399 0.312610547168918
459.02873 0.04962922771099236
469.25445 0.13088825640506258
471.92202 0.31856933411888433
484.81532 0.16702789160955303
487.0383 0.22108726287474187
502.59918 0.2683243560656136
502.59918 0.33888840885691585
512.8249 0.3795776587922991
512.8249 0.38564825006993414
515.49248 0.44677578129083123
520.38304 0.42880440441967815
538.16689 0.3061663447556502
538.16689 0.3781540281696258
540.83447 0.30665916243876523
540.83447 0.34110169123155215
543.50205 0.1883651987734762
543.50205 0.2521026854464172
551.06019 0.13914274119014136
566.62107 0.1047097475152412
579.51436 0.03821187914189245
589.74008 0.2843784807997607
602.18878 0.08849236494008898
625.3078 0.26365966754143044
640.86867 0.08678572341049866
666.21067 0.2590036712786617
668.87825 0.03255455505008453
673.76881 0.28593294696062144
679.10397 0.0671507697321216
691.99726 0.40067475629158844
709.78112 0.2740227752805024
717.33926 0.08678572341049866
717.33926 0.2144497102204661
735.12312 0.10642067708887573
763.57729 0.21600417638132688
766.24487 0.2561538166504169
771.13543 0.08337244035131802
781.36115 0.0964595507742066
784.02873 0.33358843812072503
794.25445 0.25174949586131135
794.25445 0.40352461091983316
809.37073 0.13743181161650686
814.70588 0.1875130323186927
814.70588 0.20800015245185327
819.59644 0.24214584717579224
827.59918 0.035928996287418094
829.82216 0.2913725928031713
840.04788 0.3092966169079139
858.27633 0.16679421906036251
860.49932 0.26035717023149596
863.16689 0.17527808835058764
870.72503 0.15222985161302993
873.39261 0.20800015245185327
878.72777 0.10157947536297755
888.95349 0.159288368169349
891.17647 0.18156164758854
893.84405 0.08024216819905437
914.29549 0.04049622914473087
924.5212 0.08024216819905437
929.85636 0.180266259121156
955.19836 0.05406365930923302
962.7565 0.159288368169349
975.64979 0.03712032075903325
980.98495 0.044102532994563896
983.65253 0.1696440736886073
1008.99453 0.035333334051610515
1019.22025 0.044102532994563896
1026.77839 0.1711985398494681
1045.00684 0.15047972659113787
1047.22982 0.0230482367375577
1062.7907 0.0267959977211566
1090.80027 0.006543555211444289
1093.46785 0.1683486852212233
1116.58687 0.0267959977211566
1126.81259 0.02134159520796738
1141.92886 0.03880754137770003
1149.487 0.05310343503708187
1152.15458 0.16679421906036251
1154.82216 0.045809174524154214
1165.04788 0.0819488097286447
1180.60876 0.09420119501107654
1180.60876 0.10670863481467159
1185.49932 0.07821808073302793
1190.83447 0.09816619230379692
1190.83447 0.1193158407070226
1205.76835 0.0
1205.76835 0.0
1205.95075 0.11018284214076111
1208.61833 0.1771573267994344
1218.84405 0.08159398911872554
1223.73461 0.08849236494008898
1223.73461 0.09588841562974332
1236.62791 0.05369909727288945
1244.18605 0.03712032075903325
1246.85363 0.1696440736886073
1249.5212 0.03926561931270993
1254.78796 0.00017165635859479428
1254.78796 0.00023362
1267.30506 0.05191211056546671
1269.97264 0.043970436470820384
1271.31783 0.00045041454776582765
1271.31783 0.0006146700000000001
1274.8632 0.0701781076979897
1274.8632 0.1771573267994344
1282.86594 0.013087110422888577
1291.26767 0.0006968954729275836
1291.26767 0.00095085
1297.98222 0.08675541706348183
1305.54036 0.10273853134153046
1323.76881 0.09251397439240976
1323.76881 0.18467057991026156
1328.65937 0.06511497869362529
1333.99453 0.008250196741034608
1340.28728 0.0006499467252777253
1340.28728 0.0008853299999999999
1344.22025 0.04218344976339765
1356.66895 0.02617850888982135
1356.81715 0.0005325748561530797
1356.81715 0.00072507
1372.77702 0.0004093343935722017
1372.77702 0.00055769
1377.56498 0.19217643080127508
1379.78796 0.024513114866682246
1385.88691 0.00028315963426320766
1385.88691 0.00038533
1402.90698 0.014784454064613178
1405.83675 0.0001511162814979813
1405.83675 0.00020513
1412.1067 4.231989456125505e-05
1412.1067 5.769e-05
1418.46785 0.16238989827125694
1420.69083 0.019634953678377063
1438.91929 0.13105630180019165
1441.14227 0.0
1466.92886 0.016504681526113413
1482.04514 0.012501571210138819
1491.33607 2.40318902032712e-05
1491.33607 3.276e-05
1492.27086 0.0997153031093127
1500.2736 0.02134159520796738
1535.84131 0.012005675063087192
1536.9357 0.00012069496016923718
1536.9357 0.00016453000000000003
1536.9357 0.0002948968211756722
1536.9357 0.00040171
1541.17647 0.06992877057929457
1561.62791 0.02134159520796738
1563.15549 0.0003271740851849498
1563.15549 0.00044657999999999997
1589.63748 0.040142238049276434
1605.19836 0.159288368169349
1605.19836 0.32012380027974513
1607.42134 0.017924024104742545
1610.08892 0.4154347825999523
1619.01505 0.00018339354550725884
1619.01505 0.00025
1619.01505 0.000269955298986685
1619.01505 0.00036895
1625.64979 0.014288557917561551
1627.87278 0.10411962389841828
1638.39489 0.00010240695581125334
1638.39489 0.0001396
1656.32695 0.059573065060036276
1663.88509 0.013087110422888577
1684.56452 2.7171587702355468e-05
1684.56452 3.704e-05
1722.57182 0.013087110422888577
1722.57182 0.013692895681753973
1733.58413 8.46397891225101e-05
1733.58413 0.00011538
1743.84405 0.0002464809251617559
1743.84405 0.00033618
1763.27751 0.01301213884083103
1766.64387 0.00046361888304235035
1766.64387 0.00063106
1783.17373 0.0006103337194481573
1783.17373 0.00083191
1786.59371 0.009956838270624928
1786.59371 0.035745319479984494
1810.27911 0.009584880262391376
1819.08345 0.0007335741820290354
1819.08345 0.001
1843.37207 0.009584880262391376
1854.99316 0.0004958961470516279
1854.99316 0.000642610983457435
1854.99316 0.00067593
1854.99316 0.0008767800000000001
1865.73187 0.017868958630085436
1871.06703 0.0034132830591806383
1895.64935 0.007686390279300233
1907.43274 0.00023767803497740743
1907.43274 0.00032407000000000003
1932.42134 0.002849854628244777
1942.65095 0.003427258578439653
1945.31464 0.0034132830591806383
1963.29229 1.20159451016356e-05
1963.29229 1.638e-05
1989.65254 0.0
1991.10807 0.008250196741034608
1996.44323 0.0
