50.0 0.24812325931366663
52.22298 0.4666277448446976
57.55814 0.012088889042899502
57.55814 0.1329936233631696
60.22572 0.0013192690119744586
62.4487 0.004052202617103522
72.67442 0.007230338458471645
72.67442 0.45348265170634244
78.00958 0.010776980126369958
78.00958 0.46889996228651476
82.90014 0.39320577171973575
85.56772 0.6166204825898877
93.12585 0.014385115069508222
93.12585 0.4334256775142859
93.12585 0.5561681154297526
101.12859 0.017302301587902382
108.68673 0.4666277448446976
116.24487 0.019866185414235266
116.24487 0.49314195777138486
116.24487 0.7075644185089481
121.58003 0.5553884213694004
123.80301 0.5196495816789551
126.47059 0.02269124547599688
142.03146 0.6589019116969989
144.25445 0.5157357043234749
149.5896 0.4719319052338585
152.25718 0.4242076397696448
157.14774 0.6649839607071233
162.4829 0.020388310972637956
162.4829 0.4733090102293052
170.04104 0.4401135319180104
172.70862 0.469395132873825
177.59918 0.4334256775142859
180.26676 0.4029975872321185
187.8249 0.01810057960374795
195.82763 0.6197734169536321
200.71819 0.3923892664537968
208.27633 0.4295052111396887
216.27907 0.3845483337046025
218.50205 0.015889771557021575
218.50205 0.6260792856811209
221.16963 0.015720721778225397
226.50479 0.39907712085752134
238.95349 0.47722947660390236
241.62107 0.5129683162943476
246.95622 0.6076845279107326
251.84679 0.3764833743054312
251.84679 0.39907712085752134
251.84679 0.43619306554341325
257.18194 0.01607402447028667
259.40492 0.5461637946056423
259.40492 0.5846634333060979
262.0725 0.4959027567813952
262.0725 0.5261993950829054
269.63064 0.34720177334961655
269.63064 0.36979551990170667
290.08208 0.3446650009895832
290.08208 0.47153004823818095
298.08482 0.39005283735599133
302.97538 0.38317122870915576
305.64295 0.012972585038627416
308.31053 0.4906051854113514
310.53352 0.3672587475416732
310.53352 0.4440339982926076
328.76197 0.3366000415904119
341.21067 0.3195344820774596
343.87825 0.011038156361798682
346.54583 0.35062531391791085
366.99726 0.31285321669285204
374.5554 0.3054147701644197
379.89056 0.009180197182224058
379.89056 0.29417993651535906
418.12585 0.26021214835656614
425.68399 0.27826745534787656
459.02873 0.007675767607165465
469.25445 0.24180946864054023
471.92202 0.2835716157370374
484.81532 0.3085756264738017
487.0383 0.4084475951263797
502.59918 0.49571574826961756
502.59918 0.6260792856811209
512.8249 0.3432813069750194
512.8249 0.7012506278358217
515.49248 0.3976934268429576
520.38304 0.7921945637548822
538.16689 0.5656269185209859
538.16689 0.6986205418841555
540.83447 0.2729698839778327
540.83447 0.30362858992909403
543.50205 0.34799522796624466
543.50205 0.46574702792277034
551.06019 0.2570592139928217
566.62107 0.19344599052330466
579.51436 0.005909934884223388
589.74008 0.253136936435753
602.18878 0.16348519212209503
625.3078 0.23469427192735404
640.86867 0.16033225775835058
666.21067 0.2305497789027799
668.87825 0.005034960458668948
673.76881 0.2545206304503167
679.10397 0.12405766868401454
691.99726 0.35665701578246856
709.78112 0.24391889869111202
717.33926 0.16033225775835058
717.33926 0.19089047283773755
735.12312 0.19660684683268667
763.57729 0.19227416685230125
766.24487 0.22801300654274648
771.13543 0.15402638903086174
781.36115 0.17820416711666076
784.02873 0.2969407355253695
794.25445 0.2240925401681493
794.25445 0.3591937881425019
809.37073 0.25389835768343977
814.70588 0.16691303227108376
814.70588 0.3842698170405807
819.59644 0.44735227015238194
827.59918 0.005556859104616876
829.82216 0.5382962060714425
840.04788 0.5714099388363966
858.27633 0.14847036776268474
860.49932 0.4809967732750518
863.16689 0.32381744988044564
870.72503 0.28123699207862074
873.39261 0.3842698170405807
878.72777 0.18766297020789402
888.95349 0.14178910237807718
891.17647 0.16161546090103987
893.84405 0.1482433687154511
914.29549 0.0062632375762846585
924.5212 0.1482433687154511
929.85636 0.16046238255557013
955.19836 0.09987989059821555
962.7565 0.14178910237807718
975.64979 0.005741112017881971
980.98495 0.08147721088218964
983.65253 0.15100714012271818
1008.99453 0.0054647326479843284
1019.22025 0.08147721088218964
1026.77839 0.1523908341372819
1045.00684 0.1339481696288829
1047.22982 0.042580457801824914
1062.7907 0.00414432907373607
1090.80027 0.012088889042899502
1093.46785 0.14985406177724844
1116.58687 0.00414432907373607
1126.81259 0.03942752343808049
1141.92886 0.006002061340855935
1149.487 0.008213096300037071
1152.15458 0.14847036776268474
1154.82216 0.08463014524593405
1165.04788 0.15139630307919552
1180.60876 0.014569367982773317
1180.60876 0.01650379665960205
1185.49932 0.012097383700618216
1190.83447 0.018453655383354462
1190.83447 0.18135710148040518
1205.76835 0.0
1205.76835 0.0
1205.95075 0.017041125352473655
1208.61833 0.15769499452644273
1218.84405 0.012619509259020905
1223.73461 0.01483031730574728
1223.73461 0.16348519212209503
1236.62791 0.008305222756669619
1244.18605 0.005741112017881971
1246.85363 0.15100714012271818
1249.5212 0.07254125620303456
1254.78796 2.654875720691635e-05
1254.78796 0.00023362
1267.30506 0.008028843386771975
1269.97264 0.006800566269156265
1271.31783 6.966212361131042e-05
1271.31783 0.0006146700000000001
1274.8632 0.010853903448533587
1274.8632 0.15769499452644273
1282.86594 0.024177778085799004
1291.26767 0.00010778341601098518
1291.26767 0.00095085
1297.98222 0.013417787274866474
1305.54036 0.015889771557021575
1323.76881 0.014308418659799352
1323.76881 0.16438284893016727
1328.65937 0.010070828567156935
1333.99453 0.015241823406643934
1340.28728 0.00010052221745866617
1340.28728 0.0008853299999999999
1344.22025 0.006524186899258623
1356.66895 0.048363478117235556
1356.81715 8.236922107786867e-05
1356.81715 0.00072507
1372.77702 6.33085748780313e-05
1372.77702 0.00055769
1377.56498 0.17106411431477486
1379.78796 0.003791253294129559
1385.88691 4.379410376867398e-05
1385.88691 0.00038533
1402.90698 0.0022865968066162054
1405.83675 2.337198284027679e-05
1405.83675 0.00020513
1412.1067 6.5452897575513e-06
1412.1067 5.769e-05
1418.46785 0.1445499013880876
1420.69083 0.036274589074336054
1438.91929 0.11665858346595366
1441.14227 0.0
1466.92886 0.03049156875892542
1482.04514 0.001933521027009694
1491.33607 3.7168260089682887e-06
1491.33607 3.276e-05
1492.27086 0.08876067652470271
1500.2736 0.03942752343808049
1535.84131 0.0018568246173008246
1536.9357 1.866695309082883e-05
1536.9357 4.560940340675373e-05
1536.9357 0.00016453000000000003
1536.9357 0.00040171
1541.17647 0.06224646359801548
1561.62791 0.03942752343808049
1563.15549 5.0601477411473044e-05
1563.15549 0.00044657999999999997
1589.63748 0.03573225067132825
1605.19836 0.14178910237807718
1605.19836 0.2849553097516011
1607.42134 0.03311373276495407
1610.08892 0.36979551990170667
1619.01505 2.83640568449961e-05
1619.01505 4.175189167583426e-05
1619.01505 0.00025
1619.01505 0.00036895
1625.64979 0.0022099003969073363
1627.87278 0.09268114289929986
1638.39489 1.5838489342245825e-05
1638.39489 0.0001396
1656.32695 0.053028425853374465
1663.88509 0.024177778085799004
1684.56452 4.202418662154622e-06
1684.56452 3.704e-05
1722.57182 0.002117773940274789
1722.57182 0.024177778085799004
1733.58413 1.30905795151026e-05
1733.58413 0.00011538
1743.84405 3.812129239967476e-05
1743.84405 0.00033618
1763.27751 0.0020124865612661633
1766.64387 7.170433570415014e-05
1766.64387 0.00063106
1783.17373 9.439558118014701e-05
1783.17373 0.00083191
1786.59371 0.018394757770388365
1786.59371 0.031818373315848074
1810.27911 0.0014824190669468762
1819.08345 0.0001134562273799844
1819.08345 0.001
1843.37207 0.0014824190669468762
1854.99316 7.669640970886946e-05
1854.99316 9.938765518486634e-05
1854.99316 0.00067593
1854.99316 0.0008767800000000001
1865.73187 0.015905892148365554
1871.06703 0.006305868727488862
1895.64935 0.0011887943504874765
1907.43274 3.6759817671114944e-05
1907.43274 0.00032407000000000003
1932.42134 0.002536772360033446
1942.65095 0.0005300674943192871
1945.31464 0.006305868727488862
1963.29229 1.8584130044841444e-06
1963.29229 1.638e-05
1989.65254 0.0
1991.10807 0.015241823406643934
1996.44323 0.0
