50.0 0.21542852068470608
52.22298 0.3564382557212264
57.55814 0.010495958703900306
57.55814 0.115469301914206
60.22572 0.05083738925841241
62.4487 0.15614965555155297
72.67442 0.27861757332818254
72.67442 0.34639724525561905
78.00958 0.40711388970108725
78.00958 0.4152856837700446
82.90014 0.3413937813028124
85.56772 0.53536955284108
93.12585 0.33107652552764477
93.12585 0.4828828812359272
93.12585 0.5543234076431124
101.12859 0.6667357702688692
108.68673 0.3564382557212264
116.24487 0.37669140164283244
116.24487 0.6143299761181282
116.24487 0.7655337856164443
121.58003 0.42423898353185124
123.80301 0.39693951447648573
126.47059 0.874396100075893
142.03146 0.5033087952685387
144.25445 0.3939498602325906
149.5896 0.36048989152313815
152.25718 0.3240352354818379
157.14774 0.5773602657423327
162.4829 0.3615418069052494
162.4829 0.7856536398791906
170.04104 0.3361851097996204
172.70862 0.35855215266135426
177.59918 0.33107652552764477
180.26676 0.30783372536214365
187.8249 0.697497025069539
195.82763 0.5381070309303018
200.71819 0.2997304537583202
208.27633 0.32808183819579695
216.27907 0.29374107909462455
218.50205 0.5435819871087452
218.50205 0.6123046130391449
221.16963 0.6057903620935794
226.50479 0.30483903803029583
238.95349 0.3645364942370972
241.62107 0.39183596329246273
246.95622 0.5276110722264015
251.84679 0.2875805794405376
251.84679 0.30483903803029583
251.84679 0.33319042246777264
257.18194 0.6194047093717611
259.40492 0.41719266039809166
259.40492 0.4466009933056324
262.0725 0.37880026549500756
262.0725 0.45686308321701835
269.63064 0.26521353657880375
269.63064 0.282471995168562
290.08208 0.2632757977170199
290.08208 0.40939741413732245
298.08482 0.3386563032135907
302.97538 0.2926891637125133
305.64295 0.499892250413388
308.31053 0.37475366278104855
310.53352 0.2805342563067781
310.53352 0.33917979713146823
328.76197 0.257115298062933
341.21067 0.24407960026547781
343.87825 0.4253499828819181
346.54583 0.30442407092701673
366.99726 0.23897604908145484
374.5554 0.26517083611498593
379.89056 0.22471227782354444
379.89056 0.35375443020770403
418.12585 0.22592447938860638
425.68399 0.21255737041780923
459.02873 0.2957819687726723
469.25445 0.20994668642061137
471.92202 0.21660900621972098
484.81532 0.26791519228985894
487.0383 0.3546272180959344
502.59918 0.4303962096307744
502.59918 0.5435819871087452
512.8249 0.26221884924695593
512.8249 0.6088481418540335
515.49248 0.3037820895602319
520.38304 0.6878085651310817
538.16689 0.4910953155035923
538.16689 0.6065646174177983
540.83447 0.20851076770385019
540.83447 0.23192972594769531
543.50205 0.3021405464907816
543.50205 0.40437641161186555
551.06019 0.2231870012993847
566.62107 0.16795597351935884
579.51436 0.22773646426476635
589.74008 0.1933611729662672
602.18878 0.14194305358610132
625.3078 0.1792735597867008
640.86867 0.13920557549687962
666.21067 0.17610774746446167
668.87825 0.1940197506458399
673.76881 0.1944181214363311
679.10397 0.10771082129952739
691.99726 0.2724360177909073
709.78112 0.18631988292046034
717.33926 0.13920557549687962
717.33926 0.14581359107724834
735.12312 0.17070032969423185
763.57729 0.14687053954731227
766.24487 0.1741700086026778
771.13543 0.13373061931843622
781.36115 0.15472253672623684
784.02873 0.22682114167571965
794.25445 0.17117532127083002
794.25445 0.27437375665269115
809.37073 0.22044264512451167
814.70588 0.1274981840174262
814.70588 0.3336353006881338
819.59644 0.3884054967295218
827.59918 0.21413086094758543
829.82216 0.46736592000657
840.04788 0.49611631802904926
858.27633 0.11341057083785983
860.49932 0.41761672649063886
863.16689 0.28114862908298094
870.72503 0.2441789187071853
873.39261 0.3336353006881338
878.72777 0.16293497099390195
888.95349 0.10830701965383684
891.17647 0.12345158130346716
893.84405 0.12870961679297932
914.29549 0.24135081154294796
924.5212 0.12870961679297932
929.85636 0.12257079091174722
955.19836 0.08671890389172678
962.7565 0.10830701965383684
975.64979 0.2212309572802017
980.98495 0.07074111092373175
983.65253 0.11534830969964369
1008.99453 0.2105808127812773
1019.22025 0.07074111092373175
1026.77839 0.11640525816970763
1045.00684 0.10231764499014122
1047.22982 0.03696971037579564
1062.7907 0.1596997037178611
1090.80027 0.010495958703900306
1093.46785 0.11446751930792375
1116.58687 0.1596997037178611
1126.81259 0.03423223228657394
1141.92886 0.23128651243107448
1149.487 0.31648766842246945
1152.15458 0.11341057083785983
1154.82216 0.07347858901295345
1165.04788 0.13144709488220102
1180.60876 0.5614235039757286
1180.60876 0.6359657715071985
1185.49932 0.4661667928334608
1190.83447 0.15746001481545852
1190.83447 0.71110262838672
1205.76835 0.0
1205.76835 0.0
1205.95075 0.6566714711569956
1208.61833 0.12045689397161935
1218.84405 0.4862866470962071
1223.73461 0.14194305358610132
1223.73461 0.5714790591266014
1236.62791 0.3200377165887776
1244.18605 0.2212309572802017
1246.85363 0.11534830969964369
1249.5212 0.06298263030905314
1254.78796 0.00023362
1254.78796 0.0010230434370887948
1267.30506 0.3093875720898532
1269.97264 0.26205651119274515
1271.31783 0.0006146700000000001
1271.31783 0.0026843960272329914
1274.8632 0.12045689397161935
1274.8632 0.41824988654930184
1282.86594 0.02099191740780061
1291.26767 0.00095085
1291.26767 0.004153381475360492
1297.98222 0.517047901896877
1305.54036 0.6123046130391449
1323.76881 0.12556547824359504
1323.76881 0.5513679488248558
1328.65937 0.3880744771356828
1333.99453 0.013233436793122012
1340.28728 0.0008853299999999999
1340.28728 0.003873574723336206
1344.22025 0.25140636669382077
1356.66895 0.04199071290125254
1356.81715 0.00072507
1356.81715 0.0031740578432754916
1372.77702 0.00055769
1372.77702 0.0024395651192117415
1377.56498 0.13066902942761802
1379.78796 0.14609410040068022
1385.88691 0.00038533
1385.88691 0.0016875844731464734
1402.90698 0.08811289500464774
1405.83675 0.00020513
1405.83675 0.0009006279830781698
1412.1067 5.769e-05
1412.1067 0.0002522195550668913
1418.46785 0.110415883506012
1420.69083 0.03149475419735223
1438.91929 0.08911082220229478
1441.14227 0.0
1466.92886 0.026473751671895335
1482.04514 0.07450729168746684
1491.33607 3.276e-05
1491.33607 0.00014322608119243126
1492.27086 0.06780072781062484
1500.2736 0.03423223228657394
1535.84131 0.07155183286921032
1536.9357 0.00016453000000000003
1536.9357 0.00040171
1536.9357 0.0007193219517274333
1536.9357 0.001757536161152545
1541.17647 0.04754758188901885
1561.62791 0.03423223228657394
1563.15549 0.00044657999999999997
1563.15549 0.0019499033031692415
1589.63748 0.027294435967412854
1605.19836 0.10830701965383684
1605.19836 0.21766595468978492
1607.42134 0.028750398022479213
1610.08892 0.282471995168562
1619.01505 0.00025
1619.01505 0.00036895
1619.01505 0.0010929951250948661
1619.01505 0.0016088888241396432
1625.64979 0.08515743618639122
1627.87278 0.07079541514247266
1638.39489 0.0001396
1638.39489 0.0006103284778529734
1656.32695 0.04050629184321199
1663.88509 0.02099191740780061
1684.56452 3.704e-05
1684.56452 0.00016193815773405537
1722.57182 0.02099191740780061
1722.57182 0.08160738802008309
1733.58413 0.00011538
1733.58413 0.0005044391101337826
1743.84405 0.00033618
1743.84405 0.0014689854481275003
1763.27751 0.07755019011573096
1766.64387 0.00063106
1766.64387 0.002763091676239822
1783.17373 0.00083191
1783.17373 0.0036374877763157144
1786.59371 0.015970914882343718
1786.59371 0.024304781723517733
1810.27911 0.05712429721795809
1819.08345 0.001
1819.08345 0.0043719805003794646
1843.37207 0.05712429721795809
1854.99316 0.00067593
1854.99316 0.0008767800000000001
1854.99316 0.0029554588182565183
1854.99316 0.0038298549183324116
1865.73187 0.012149874317782524
1871.06703 0.005474956178443411
1895.64935 0.04580961168297603
1907.43274 0.00032407000000000003
1907.43274 0.0014165216821229465
1932.42134 0.001937738861783874
1942.65095 0.020425892897772857
1945.31464 0.005474956178443411
1963.29229 1.638e-05
1963.29229 7.161304059621563e-05
1989.65254 0.0
1991.10807 0.013233436793122012
1996.44323 0.0
