50.0 0.11610054596232534
52.22298 0.7048305127205907
57.55814 0.00565657013308989
57.55814 0.06222968505525104
60.22572 0.04763067971279112
62.4487 0.14630008226883795
72.67442 0.26104299593539326
72.67442 0.684975150842033
78.00958 0.2194052334060227
78.00958 0.3890903856689545
82.90014 0.1839868011506663
85.56772 0.28852585153952676
93.12585 0.2602392940784462
93.12585 0.5193579188841406
93.12585 0.6546795510634217
101.12859 0.6246795594736905
108.68673 0.7048305127205907
116.24487 0.3310798653847902
116.24487 0.717245615558112
116.24487 0.7448796235974411
121.58003 0.8389014800719947
123.80301 0.7849187819119461
126.47059 0.8192411371309103
142.03146 0.995256234514171
144.25445 0.7790069598789319
149.5896 0.7128423254084298
152.25718 0.6407559163425685
157.14774 0.31115583886751746
162.4829 0.7149224109385645
162.4829 0.7360963541234943
170.04104 0.6647814018437406
172.70862 0.7090105889055502
177.59918 0.6546795510634217
180.26676 0.6087186181535573
187.8249 0.6535004626779558
195.82763 0.2900011562007127
200.71819 0.5926949927778792
208.27633 0.6487577764680624
216.27907 0.5808514435871605
218.50205 0.29295176552308466
218.50205 0.5736817986872912
221.16963 0.5675784522156659
226.50479 0.602796843558198
238.95349 0.7208441855339238
241.62107 0.7748268836939723
246.95622 0.28434458606762286
251.84679 0.5686695072767071
251.84679 0.602796843558198
251.84679 0.6588596272483812
257.18194 0.5803340367207942
259.40492 0.8249678927887963
259.40492 0.8831207145714594
262.0725 0.24621648620591732
262.0725 0.7490497472200554
269.63064 0.5244403202148973
269.63064 0.5585676564963882
290.08208 0.22063588955555472
290.08208 0.5206085837120178
298.08482 0.1825114964894803
302.97538 0.5787713580570258
305.64295 0.4683601580977414
308.31053 0.7410478870945615
310.53352 0.5547359199935086
310.53352 0.6707031764390999
328.76197 0.5084266474015643
341.21067 0.48264951092764724
343.87825 0.3985198511573313
346.54583 0.16406277463339355
366.99726 0.47255761270967356
374.5554 0.14290809196658882
379.89056 0.33144038684905236
379.89056 0.4443520510235419
418.12585 0.12175711609541523
425.68399 0.42031661296002465
459.02873 0.277124699457273
469.25445 0.11314622984432231
471.92202 0.4283284256478638
484.81532 0.1443871034234059
487.0383 0.19111867594494214
502.59918 0.23195273661736562
502.59918 0.29295176552308466
512.8249 0.3281255492667871
512.8249 0.5185185456195379
515.49248 0.6007068054657182
520.38304 0.3706795631120505
538.16689 0.26466520806200405
538.16689 0.3268948931172551
540.83447 0.41231475283453073
540.83447 0.4586240254264751
543.50205 0.16283211848386156
543.50205 0.21792992874483674
551.06019 0.12028181143422928
566.62107 0.09051624251633161
579.51436 0.2133713541657456
589.74008 0.3823575401756542
602.18878 0.07649714143943387
625.3078 0.3545003181716026
640.86867 0.0750218367782479
666.21067 0.3482401564565084
668.87825 0.1817814159179777
673.76881 0.38444757826813397
679.10397 0.05804841958334711
691.99726 0.5387222471801757
709.78112 0.368433905454801
717.33926 0.0750218367782479
717.33926 0.2883356837011005
735.12312 0.0919952539731487
763.57729 0.2904257217935802
766.24487 0.3444084199536289
771.13543 0.07207122745587598
781.36115 0.08338436772205576
784.02873 0.4485221746461563
794.25445 0.33848664535826956
794.25445 0.5425539836830552
809.37073 0.1188027999774122
814.70588 0.17980553567876234
814.70588 0.2521183093271298
819.59644 0.20932274928937492
827.59918 0.20062396207198863
829.82216 0.2518767631346383
840.04788 0.26737116887272205
858.27633 0.22426108732307815
860.49932 0.2250655103347437
863.16689 0.1515189782176818
870.72503 0.13159495170040905
873.39261 0.17980553567876234
878.72777 0.08781028170561364
888.95349 0.21416918910510446
891.17647 0.24411644920163586
893.84405 0.069365266645158
914.29549 0.22612693867087386
924.5212 0.069365266645158
929.85636 0.24237475079123605
955.19836 0.04673527931716733
962.7565 0.21416918910510446
975.64979 0.2072762001054916
980.98495 0.038124393066074395
983.65253 0.2280928238259577
1008.99453 0.19729784305523712
1019.22025 0.038124393066074395
1026.77839 0.23018286191843748
1045.00684 0.20232563991438582
1047.22982 0.019924026517272715
1062.7907 0.14962620128558946
1090.80027 0.00565657013308989
1093.46785 0.2263511254155579
1116.58687 0.14962620128558946
1126.81259 0.018448721856086755
1141.92886 0.2166974731824971
1149.487 0.29652432958453295
1152.15458 0.22426108732307815
1154.82216 0.03959969772726035
1165.04788 0.07084057130634398
1180.60876 0.5260101569176436
1180.60876 0.5958504638580536
1185.49932 0.4367620274386022
1190.83447 0.08485967238324173
1190.83447 0.6662478547717128
1205.76835 0.0
1205.76835 0.0
1205.95075 0.6152500939853136
1208.61833 0.23819467460627652
1218.84405 0.4556127660039844
1223.73461 0.07649714143943387
1223.73461 0.535431429994649
1236.62791 0.29985044860128446
1244.18605 0.2072762001054916
1246.85363 0.2280928238259577
1249.5212 0.033943127594170466
1254.78796 0.00023362
1254.78796 0.0009585121304431651
1267.30506 0.28987209155103
1269.97264 0.24552656879813384
1271.31783 0.0006146700000000001
1271.31783 0.0025150702909918945
1274.8632 0.23819467460627652
1274.8632 0.3918676131238283
1282.86594 0.01131314026617978
1291.26767 0.00095085
1291.26767 0.003891395401371824
1297.98222 0.4844336692082498
1305.54036 0.5736817986872912
1323.76881 0.24829652538659538
1323.76881 0.5165888838406381
1328.65937 0.3635956014814406
1333.99453 0.007131874794275852
1340.28728 0.0008853299999999999
1340.28728 0.0036292382374899326
1344.22025 0.23554821174787932
1356.66895 0.022629987327990684
1356.81715 0.00072507
1356.81715 0.0029738453277852045
1372.77702 0.00055769
1372.77702 0.0022856827725952398
1377.56498 0.2583884236045691
1379.78796 0.13687880919183248
1385.88691 0.00038533
1385.88691 0.001581135394662657
1402.90698 0.08255492938868182
1405.83675 0.00020513
1405.83675 0.0008438183712448377
1412.1067 5.769e-05
1412.1067 0.00023631010600541107
1418.46785 0.21833931272771884
1420.69083 0.01697341719490079
1438.91929 0.176210116320734
1441.14227 0.0
1466.92886 0.014267456384182826
1482.04514 0.06980753729492487
1491.33607 3.276e-05
1491.33607 0.0001341916982620431
1492.27086 0.13407096735140397
1500.2736 0.018448721856086755
1535.84131 0.06703850225142238
1536.9357 0.00016453000000000003
1536.9357 0.00040171
1536.9357 0.0006739487214607433
1536.9357 0.0016466746856331298
1541.17647 0.09402185647455373
1561.62791 0.018448721856086755
1563.15549 0.00044657999999999997
1563.15549 0.00182690773580193
1589.63748 0.05397274559770349
1605.19836 0.21416918910510446
1605.19836 0.43041846374034354
1607.42134 0.015494405738083711
1610.08892 0.5585676564963882
1619.01505 0.00025
1619.01505 0.00036895
1619.01505 0.001024051421413638
1619.01505 0.001507403692320875
1625.64979 0.07978589434517935
1627.87278 0.1399927419467633
1638.39489 0.0001396
1638.39489 0.0005718303137173754
1656.32695 0.08009822175370047
1663.88509 0.01131314026617978
1684.56452 3.704e-05
1684.56452 0.00015172345859664458
1722.57182 0.01131314026617978
1722.57182 0.07645977532842785
1733.58413 0.00011538
1733.58413 0.00047262021201082213
1743.84405 0.00033618
1743.84405 0.0013763251103799294
1763.27751 0.07265849645214044
1766.64387 0.00063106
1766.64387 0.0025888019933336765
1783.17373 0.00083191
1783.17373 0.0034080431304645865
1786.59371 0.008607179455461814
1786.59371 0.048060923564689315
1810.27911 0.05352102348876237
1819.08345 0.001
1819.08345 0.004096205685654552
1843.37207 0.05352102348876237
1854.99316 0.00067593
1854.99316 0.0008767800000000001
1854.99316 0.0027690350435024768
1854.99316 0.003588276180633387
1865.73187 0.02402548550117209
1871.06703 0.002950609322371922
1895.64935 0.04292004317428839
1907.43274 0.00032407000000000003
1907.43274 0.0013271706421520747
1932.42134 0.0038317365028795584
1942.65095 0.019137472963378064
1945.31464 0.002950609322371922
1963.29229 1.638e-05
1963.29229 6.709584913102155e-05
1989.65254 0.0
1991.10807 0.007131874794275852
1996.44323 0.0
