50.0 0.1089597620919798
52.22298 0.2566260582237532
57.55814 0.005308661822814123
57.55814 0.05840223766802327
60.22572 0.05474429582113145
62.4487 0.16814991998172782
72.67442 0.24939679791004657
72.67442 0.30002962539465644
78.00958 0.20591067712474967
78.00958 0.44720082313877146
82.90014 0.1726706615828172
85.56772 0.2707800198573938
93.12585 0.23836628743640104
93.12585 0.24423323193478924
93.12585 0.5969237415859355
101.12859 0.717975111912125
108.68673 0.2566260582237532
116.24487 0.27120778429009673
116.24487 0.31071674182718817
116.24487 0.8243658581252251
121.58003 0.3054407778658291
123.80301 0.28578588666705995
126.47059 0.9415943553686181
142.03146 0.36236893803040593
144.25445 0.28363341517515933
149.5896 0.25954312817489794
152.25718 0.23329674599335565
157.14774 0.2920181459571843
162.4829 0.2603004792553815
162.4829 0.8460319442422571
170.04104 0.24204433215740967
172.70862 0.25814800776348085
177.59918 0.23836628743640104
180.26676 0.22163208987815688
187.8249 0.751100401333993
195.82763 0.2721645856539076
200.71819 0.21579794997586735
208.27633 0.23621019225512013
216.27907 0.2114857596133055
218.50205 0.2749337172469351
218.50205 0.6593608632904285
221.16963 0.6523459853429323
226.50479 0.21947599469687598
238.95349 0.2624565744366624
241.62107 0.2821114656354316
246.95622 0.26685592383109347
251.84679 0.20705036381181333
251.84679 0.21947599469687598
251.84679 0.23988823697612874
257.18194 0.6670066094560217
259.40492 0.30036761273340346
259.40492 0.3215408297825201
262.0725 0.23107289925084046
262.0725 0.27272611014044407
269.63064 0.1909466882057421
269.63064 0.20337231909080472
290.08208 0.18955156779432505
290.08208 0.20706564155802246
298.08482 0.1712860957863034
302.97538 0.21072840853282196
305.64295 0.538309492964239
308.31053 0.26981266387867964
310.53352 0.20197719867938765
310.53352 0.24420042733869057
328.76197 0.18511617199283287
341.21067 0.17573081649784536
343.87825 0.4580385741690643
346.54583 0.15397206571281333
366.99726 0.17205639546621704
374.5554 0.13411850540953663
379.89056 0.16178685976243531
379.89056 0.3809408283514818
418.12585 0.11426842391479392
425.68399 0.153035649909001
459.02873 0.3185131225905425
469.25445 0.1061871516904183
471.92202 0.15595271986014578
484.81532 0.13550655001458436
487.0383 0.1793638892021451
502.59918 0.21768644401218468
502.59918 0.2749337172469351
512.8249 0.18879059302446116
512.8249 0.30794413142562665
515.49248 0.21871501992701212
520.38304 0.34788085339542096
538.16689 0.24838692932433057
538.16689 0.3067891669923538
540.83447 0.15012220364723655
540.83447 0.16698323033379137
543.50205 0.1528171012795405
543.50205 0.2045261113282359
551.06019 0.11288385811828015
566.62107 0.08494902559062784
579.51436 0.2452382498557566
589.74008 0.13921489861252137
602.18878 0.07179217171521303
625.3078 0.12907219203705028
640.86867 0.07040760591869924
666.21067 0.12679289141683903
668.87825 0.20893037151274269
673.76881 0.1399758733823852
679.10397 0.05447814164172292
691.99726 0.19614668246647846
709.78112 0.13414535716947598
717.33926 0.07040760591869924
717.33926 0.1049819050367889
735.12312 0.08633707019567557
763.57729 0.10574287980665276
766.24487 0.125397771005422
771.13543 0.0676384743256717
781.36115 0.07825579797129995
784.02873 0.16330518561278273
794.25445 0.12324167582414106
794.25445 0.19754180287789547
809.37073 0.11149581351323243
814.70588 0.09179529938186243
814.70588 0.16874656555651685
819.59644 0.1964483179123942
827.59918 0.23058704168622088
829.82216 0.23638503988218854
840.04788 0.25092645955411713
858.27633 0.08165259280639137
860.49932 0.21122281775609775
863.16689 0.14219977763391228
870.72503 0.1235011817639084
873.39261 0.16874656555651685
878.72777 0.08240949536084127
888.95349 0.07797817177476304
891.17647 0.08888185312009797
893.84405 0.06509894409588513
914.29549 0.259898873968846
924.5212 0.06509894409588513
929.85636 0.08824770747854475
955.19836 0.043860817996094675
962.7565 0.07797817177476304
975.64979 0.2382327878518141
980.98495 0.035779545771719046
983.65253 0.08304771321780843
1008.99453 0.2267641686034243
1019.22025 0.035779545771719046
1026.77839 0.08380868798767228
1045.00684 0.07366598141220122
1047.22982 0.018698595870003876
1062.7907 0.1719727930645244
1090.80027 0.005308661822814123
1093.46785 0.08241356757625522
1116.58687 0.1719727930645244
1126.81259 0.0173140300734901
1141.92886 0.2490611229385532
1149.487 0.34081007692567133
1152.15458 0.08165259280639137
1154.82216 0.03716411156823282
1165.04788 0.0664835098923989
1180.60876 0.6045694877515286
1180.60876 0.6848404065467033
1185.49932 0.5019921986776714
1190.83447 0.07964036376781372
1190.83447 0.7657516095035287
1205.76835 0.0
1205.76835 0.0
1205.95075 0.7071373608818322
1208.61833 0.08672575793881705
1218.84405 0.5236582847947032
1223.73461 0.07179217171521303
1223.73461 0.6153978228382677
1236.62791 0.34463295000846794
1244.18605 0.2382327878518141
1246.85363 0.08304771321780843
1249.5212 0.0318554497454187
1254.78796 0.00023362
1254.78796 0.0011016653957812833
1267.30506 0.3331643307600781
1269.97264 0.2821958283039749
1271.31783 0.0006146700000000001
1271.31783 0.0028906946709816575
1274.8632 0.08672575793881705
1274.8632 0.4503928280034711
1282.86594 0.010617323645628247
1291.26767 0.00095085
1291.26767 0.004472573188000936
1297.98222 0.5567835742165712
1305.54036 0.6593608632904285
1323.76881 0.09040380265982567
1323.76881 0.5937411526647896
1328.65937 0.4178984067997001
1333.99453 0.006693227619327899
1340.28728 0.0008853299999999999
1340.28728 0.004171262994282978
1344.22025 0.27072720905558506
1356.66895 0.02123812609979045
1356.81715 0.00072507
1356.81715 0.003417987509988084
1372.77702 0.00055769
1372.77702 0.0026270482514784447
1377.56498 0.094078223691454
1379.78796 0.15732158489498874
1385.88691 0.00038533
1385.88691 0.001817277105861433
1402.90698 0.09488446319049565
1405.83675 0.00020513
1405.83675 0.0009698421860296767
1412.1067 5.769e-05
1412.1067 0.0002716028918060779
1418.46785 0.07949649762511045
1420.69083 0.015929464276976325
1438.91929 0.06415742047828338
1441.14227 0.0
1466.92886 0.013389934047189755
1482.04514 0.08023325502095995
1491.33607 3.276e-05
1491.33607 0.00015423315540937966
1492.27086 0.04881471964207598
1500.2736 0.0173140300734901
1535.84131 0.07705066609981402
1536.9357 0.00016453000000000003
1536.9357 0.00040171
1536.9357 0.0007746025964439937
1536.9357 0.0018926046542909224
1541.17647 0.034232993575732444
1561.62791 0.0173140300734901
1563.15549 0.00044657999999999997
1563.15549 0.002099755412472019
1589.63748 0.019651267509388913
1605.19836 0.07797817177476304
1605.19836 0.15671369463000967
1607.42134 0.014541419671928596
1610.08892 0.20337231909080472
1619.01505 0.00025
1619.01505 0.00036895
1619.01505 0.0011769929442107727
1619.01505 0.0017325336138782573
1625.64979 0.09170187426934973
1627.87278 0.0509708148233569
1638.39489 0.0001396
1638.39489 0.0006572328600472955
1656.32695 0.02916345213268707
1663.88509 0.010617323645628247
1684.56452 3.704e-05
1684.56452 0.00017438327461426808
1722.57182 0.010617323645628247
1722.57182 0.08787900118655313
1733.58413 0.00011538
1733.58413 0.0005432057836121558
1743.84405 0.00033618
1743.84405 0.0015818785170192786
1763.27751 0.08351000337764275
1766.64387 0.00063106
1766.64387 0.0029754381629648334
1783.17373 0.00083191
1783.17373 0.003917032518333451
1786.59371 0.008077793415841675
1786.59371 0.017498796017488303
1810.27911 0.06151435923623182
1819.08345 0.001
1819.08345 0.004707971776843091
1843.37207 0.06151435923623182
1854.99316 0.00067593
1854.99316 0.0008767800000000001
1854.99316 0.0031825889211459296
1854.99316 0.004124183276514547
1865.73187 0.008747586164054
1871.06703 0.002769131593027551
1895.64935 0.049330128277761905
1907.43274 0.00032407000000000003
1907.43274 0.0015253828556971614
1932.42134 0.0013951204114170629
1942.65095 0.02199564414141092
1945.31464 0.002769131593027551
1963.29229 1.638e-05
1963.29229 7.711657770468983e-05
1989.65254 0.0
1991.10807 0.006693227619327899
1996.44323 0.0
