50.0 0.2398973929479807
52.22298 0.5821798129742782
57.55814 0.01168811409720694
57.55814 0.1285845736984994
60.22572 0.003635748167086958
62.4487 0.011167387472968505
72.67442 0.019925951082913455
72.67442 0.5657795711340421
78.00958 0.02970007283240935
78.00958 0.4533548318569323
82.90014 0.3801700807436871
85.56772 0.5961780714182808
93.12585 0.03964366271972441
93.12585 0.5377298416176346
93.12585 0.5407558437347043
101.12859 0.047683081095381434
108.68673 0.5821798129742782
116.24487 0.0547488393581808
116.24487 0.6152597995232058
116.24487 0.6841070031587367
121.58003 0.69292049359073
123.80301 0.6483315653995316
126.47059 0.06253436819895009
142.03146 0.8220672601622139
144.25445 0.643448485874168
149.5896 0.5887974544185841
152.25718 0.529255122765035
157.14774 0.6429381871217202
162.4829 0.05618775517043864
162.4829 0.5905155749923231
170.04104 0.5490998264253508
172.70862 0.5856324954669595
177.59918 0.5407558437347043
180.26676 0.5027927776604133
187.8249 0.049883040168620496
195.82763 0.599226478633673
200.71819 0.48955749477180166
208.27633 0.5358645435367392
216.27907 0.4797748943758713
218.50205 0.04379031667499678
218.50205 0.6053232930644572
221.16963 0.04332443563191461
226.50479 0.4979014774624481
238.95349 0.5954068751902883
241.62107 0.6399958033814868
246.95622 0.587538364536466
251.84679 0.4697127911114858
251.84679 0.4979014774624481
251.84679 0.5442085262273856
257.18194 0.04429809574477226
259.40492 0.681411551948459
259.40492 0.7294449419597372
262.0725 0.5087546544421865
262.0725 0.6187042613432854
269.63064 0.43318012206987694
269.63064 0.46136880842083927
290.08208 0.4300151631182525
290.08208 0.45589772430796294
298.08482 0.37712167352829495
302.97538 0.47805677380213224
305.64295 0.035750898299339764
308.31053 0.6120948405715813
310.53352 0.4582038494692148
310.53352 0.553991126623316
328.76197 0.419953059853867
341.21067 0.3986615178156656
343.87825 0.030419843410379267
346.54583 0.33900126470667047
366.99726 0.3903257557976208
374.5554 0.2952895562186233
379.89056 0.025299529342249234
379.89056 0.3670283696446236
418.12585 0.2515855070451876
425.68399 0.34717544531170613
459.02873 0.021153500730658848
469.25445 0.23379291920258496
471.92202 0.35379308675601195
484.81532 0.2983456227486269
487.0383 0.3949066020562861
502.59918 0.4792816118169884
502.59918 0.6053232930644572
512.8249 0.42828882187191175
512.8249 0.6780025294133409
515.49248 0.4961751362161075
520.38304 0.7659314611537968
538.16689 0.546875063263811
538.16689 0.6754596369623104
540.83447 0.34056602454000195
540.83447 0.3788168141553498
543.50205 0.3364583722556399
543.50205 0.45030642464154025
551.06019 0.24853709982979555
566.62107 0.18703280349914564
579.51436 0.01628707619741655
589.74008 0.31582180000911936
602.18878 0.15806527563830905
625.3078 0.292812137397179
640.86867 0.15501686842291693
666.21067 0.2876413343307586
668.87825 0.013875750959665034
673.76881 0.31754814125546
679.10397 0.11994486681668458
691.99726 0.4449767872532048
709.78112 0.30432107903945
717.33926 0.15501686842291693
717.33926 0.238161105941595
735.12312 0.19008887002914931
763.57729 0.23988744718793564
766.24487 0.2844763753791341
771.13543 0.1489200539921327
781.36115 0.1722962821865466
784.02873 0.37047283146470333
794.25445 0.27958507518116893
794.25445 0.4481417462048292
809.37073 0.2454810332997919
814.70588 0.208246078344292
814.70588 0.3715303738618722
819.59644 0.43252149611354906
827.59918 0.015314041428240886
829.82216 0.520450427854005
840.04788 0.5524663629302337
858.27633 0.18523641573235167
860.49932 0.4650506052687508
863.16689 0.31308214406122603
870.72503 0.2719133280242094
873.39261 0.3715303738618722
878.72777 0.18144150383272292
888.95349 0.1769006537143068
891.17647 0.2016366575725878
893.84405 0.14332875432571
914.29549 0.0172607363102742
924.5212 0.14332875432571
929.85636 0.20019803986730395
955.19836 0.0965686386222707
962.7565 0.1769006537143068
975.64979 0.01582182049801636
980.98495 0.078776050779668
983.65253 0.18840137468397616
1008.99453 0.01506015189335315
1019.22025 0.078776050779668
1026.77839 0.19012771593031683
1045.00684 0.16711805331837645
1047.22982 0.04116881603701658
1062.7907 0.011421277007856244
1090.80027 0.01168811409720694
1093.46785 0.1869627569786923
1116.58687 0.011421277007856244
1126.81259 0.03812040882162447
1141.92886 0.016540965732304288
1149.487 0.022634314569609983
1152.15458 0.18523641573235167
1154.82216 0.08182445799506011
1165.04788 0.1463771615411021
1180.60876 0.040151441789499885
1180.60876 0.045482496678460375
1185.49932 0.033338947717906256
1190.83447 0.05085607493779616
1190.83447 0.1753446894019387
1205.76835 0.0
1205.76835 0.0
1205.95075 0.04696331051741152
1208.61833 0.19674535737462265
1218.84405 0.0347778635301641
1223.73461 0.040870587023787805
1223.73461 0.15806527563830905
1236.62791 0.022888204104497722
1244.18605 0.01582182049801636
1246.85363 0.18840137468397616
1249.5212 0.07013634389785317
1254.78796 7.31652107927716e-05
1254.78796 0.00023362
1267.30506 0.022126535499834506
1269.97264 0.018741550149225343
1271.31783 0.00019198051037077674
1271.31783 0.0006146700000000001
1274.8632 0.029912064340603794
1274.8632 0.19674535737462265
1282.86594 0.02337622819441388
1291.26767 0.0002970382489450129
1291.26767 0.00095085
1297.98222 0.03697782260340316
1305.54036 0.04379031667499678
1323.76881 0.03943229655521195
1323.76881 0.20508934006526913
1328.65937 0.027754003294058027
1333.99453 0.014736521312599052
1340.28728 0.00027702725112134887
1340.28728 0.0008853299999999999
1344.22025 0.017979881544562128
1356.66895 0.0467601157034393
1356.81715 0.00022699975656218882
1356.81715 0.00072507
1372.77702 0.00017447088727507075
1372.77702 0.00055769
1377.56498 0.21342510208331397
1379.78796 0.01044824223868058
1385.88691 0.00012069133062397367
1385.88691 0.00038533
1402.90698 0.0063015882834082
1405.83675 6.44103992449186e-05
1405.83675 0.00020513
1412.1067 1.8038038506987152e-05
1412.1067 5.769e-05
1418.46785 0.18034511553438648
1420.69083 0.035072001606232354
1438.91929 0.14554700841171997
1441.14227 0.0
1466.92886 0.029480701939809645
1482.04514 0.0053285535142325365
1491.33607 1.0243129510988024e-05
1491.33607 3.276e-05
1492.27086 0.11074068061645183
1500.2736 0.03812040882162447
1535.84131 0.005117187349720086
1536.9357 5.144389799886629e-05
1536.9357 0.00012569408007988967
1536.9357 0.00016453000000000003
1536.9357 0.00040171
1541.17647 0.07766069406752435
1561.62791 0.03812040882162447
1563.15549 0.0001394516410836587
1563.15549 0.00044657999999999997
1589.63748 0.04458070751859686
1605.19836 0.1769006537143068
1605.19836 0.35551942800235264
1607.42134 0.032015935076228706
1610.08892 0.46136880842083927
1619.01505 7.816796024868761e-05
1619.01505 0.00011506323748606816
1619.01505 0.00025
1619.01505 0.00036895
1625.64979 0.006090222118895749
1627.87278 0.11563198081441702
1638.39489 4.3648989002867164e-05
1638.39489 0.0001396
1656.32695 0.06615997309785497
1663.88509 0.02337622819441388
1684.56452 1.1581364990445556e-05
1684.56452 3.704e-05
1722.57182 0.005836332584008011
1722.57182 0.02337622819441388
1733.58413 3.6076077013974304e-05
1733.58413 0.00011538
1743.84405 0.00010505773857423615
1743.84405 0.00033618
1763.27751 0.005546173115564884
1766.64387 0.00019760860350868226
1766.64387 0.00063106
1783.17373 0.0002601429717076323
1783.17373 0.00083191
1786.59371 0.017784928527991163
1786.59371 0.03969762799323331
1810.27911 0.004085370274437409
1819.08345 0.00031267184099475044
1819.08345 0.001
1843.37207 0.004085370274437409
1854.99316 0.0002113661645124513
1854.99316 0.0002739005327114014
1854.99316 0.00067593
1854.99316 0.0008767800000000001
1865.73187 0.019844703660315845
1871.06703 0.006096814430784223
1895.64935 0.003276175549942995
1907.43274 0.00010130567648229914
1907.43274 0.00032407000000000003
1932.42134 0.0031649589516245234
1942.65095 0.0014608028411274739
1945.31464 0.006096814430784223
1963.29229 5.121564755494012e-06
1963.29229 1.638e-05
1989.65254 0.0
1991.10807 0.014736521312599052
1996.44323 0.0
