50.0 0.3117029740043395
52.22298 0.22462267435946742
57.55814 0.01518657572652923
57.55814 0.16707223676079472
60.22572 0.001009832534881831
62.4487 0.0031017525641416823
72.67442 0.005534451993717693
72.67442 0.2182949623704936
78.00958 0.00824922366901921
78.00958 0.5890520427609863
82.90014 0.49396178649166345
85.56772 0.7746248327823433
93.12585 0.01101106528187714
93.12585 0.20864004743593906
93.12585 0.6986820022652105
101.12859 0.013244021433999744
108.68673 0.22462267435946742
116.24487 0.015206542557431084
116.24487 0.2373859390429916
116.24487 0.888872466688343
121.58003 0.2673497962659669
123.80301 0.2501460319410576
126.47059 0.017368980648122312
142.03146 0.31717854581322447
144.25445 0.24826199137892704
149.5896 0.2271759616532639
152.25718 0.20420271958001204
157.14774 0.8353810875729468
162.4829 0.015606202802144378
162.4829 0.22783886481401353
170.04104 0.2118594096759433
172.70862 0.22595482425188296
177.59918 0.20864004743593906
180.26676 0.19399274219028437
187.8249 0.013855062173200688
195.82763 0.7785856828080042
200.71819 0.18888616760269145
208.27633 0.20675283508835038
216.27907 0.18511174290751406
218.50205 0.01216280238865413
218.50205 0.7865073828593261
221.16963 0.01203340348282562
226.50479 0.1921055298426957
238.95349 0.22972607716160223
241.62107 0.2469298414865115
246.95622 0.7633991070814751
251.84679 0.1812294775067602
251.84679 0.1921055298426957
251.84679 0.20997219732835462
257.18194 0.012303838511516884
259.40492 0.26290929662458173
259.40492 0.28144203905644843
262.0725 0.238714917149949
262.0725 0.6610340232524582
269.63064 0.16713406293082048
269.63064 0.17801011526675597
290.08208 0.1659129255294396
290.08208 0.5923560684105327
298.08482 0.49000093646600246
302.97538 0.18444883974676443
305.64295 0.009929846236531526
308.31053 0.2361648016416107
310.53352 0.17678897786537504
310.53352 0.21374662202353198
328.76197 0.16203066012868572
341.21067 0.1538157357921232
343.87825 0.008449140636279098
346.54583 0.4404704073762672
366.99726 0.1505995453375771
374.5554 0.38367500261132464
379.89056 0.007026968500810843
379.89056 0.14161070534923031
418.12585 0.3268895497308687
425.68399 0.13395084346784095
459.02873 0.005875405083840335
469.25445 0.30377132206853097
471.92202 0.1365041307616374
484.81532 0.38764580452147224
487.0383 0.5131092122438536
502.59918 0.6227391717480778
502.59918 0.7865073828593261
512.8249 0.1652468505832318
512.8249 0.8809408147525344
515.49248 0.19143945489648792
520.38304 0.9951884486585342
538.16689 0.7105645523421934
538.16689 0.8776367891029881
540.83447 0.13140072795950264
540.83447 0.14615904569619195
543.50205 0.4371663817267209
543.50205 0.5850911927353254
551.06019 0.32292869970520777
566.62107 0.24301506727792746
579.51436 0.004523751009803456
589.74008 0.12185365373052458
602.18878 0.20537704014966168
625.3078 0.11297582623321242
640.86867 0.20141619012400072
666.21067 0.11098077318004723
668.87825 0.00385400311601186
673.76881 0.12251972867673235
679.10397 0.15584651105992645
691.99726 0.17168557506324028
709.78112 0.11741632587459758
717.33926 0.09188979650754926
717.33926 0.20141619012400072
735.12312 0.24698586918807502
763.57729 0.09255587145375703
766.24487 0.10975963577866633
771.13543 0.1934944900726788
781.36115 0.22386764152573727
784.02873 0.14293968345618774
794.25445 0.10787242343107764
794.25445 0.17290671246462117
809.37073 0.31895789779506023
814.70588 0.08034766922540602
814.70588 0.4827360607907952
819.59644 0.5619829169574743
827.59918 0.004253489670918673
829.82216 0.676230550863474
840.04788 0.7178294280174008
858.27633 0.07146984172809387
860.49932 0.6042485703720022
863.16689 0.40679323027366243
870.72503 0.35330185115826623
873.39261 0.4827360607907952
878.72777 0.23575019160272015
888.95349 0.06825365127354777
891.17647 0.0777975537170677
893.84405 0.1862296143974715
914.29549 0.00479418603849472
924.5212 0.1862296143974715
929.85636 0.07724249126189456
955.19836 0.12547335960686798
962.7565 0.06825365127354777
975.64979 0.004394525793781427
980.98495 0.10235513194453023
983.65253 0.07269097912947478
1008.99453 0.004182971609487296
1019.22025 0.10235513194453023
1026.77839 0.07335705407568256
1045.00684 0.06447922657837041
1047.22982 0.05349137911539621
1062.7907 0.003172270625573059
1090.80027 0.01518657572652923
1093.46785 0.07213591667430164
1116.58687 0.003172270625573059
1126.81259 0.04953052908973525
1141.92886 0.004594269071234833
1149.487 0.006286702545587871
1152.15458 0.07146984172809387
1154.82216 0.1063159819701912
1165.04788 0.19019046442313248
1180.60876 0.011152101404739894
1180.60876 0.01263280700499232
1185.49932 0.009259924652933448
1190.83447 0.01412532351208547
1190.83447 0.22782849155139823
1205.76835 0.0
1205.76835 0.0
1205.95075 0.013044104466739856
1208.61833 0.07591034136947901
1218.84405 0.009659584897646742
1223.73461 0.0113518446821933
1223.73461 0.20537704014966168
1236.62791 0.006357220607019248
1244.18605 0.004394525793781427
1246.85363 0.07269097912947478
1249.5212 0.09112940624366198
1254.78796 2.0321707358303107e-05
1254.78796 0.00023362
1267.30506 0.006145666422725117
1269.97264 0.005205483500242258
1271.31783 5.33227705897355e-05
1271.31783 0.0006146700000000001
1274.8632 0.008308104513416344
1274.8632 0.07591034136947901
1282.86594 0.03037315145305846
1291.26767 8.250265807858099e-05
1291.26767 0.00095085
1297.98222 0.010270625636847684
1305.54036 0.01216280238865413
1323.76881 0.010952358127286486
1323.76881 0.07912970360948324
1328.65937 0.007708700991249645
1333.99453 0.019147425752190198
1340.28728 7.694458427118184e-05
1340.28728 0.0008853299999999999
1344.22025 0.004993929315948127
1356.66895 0.06075625479060351
1356.81715 6.3049399752684e-05
1356.81715 0.00072507
1372.77702 4.8459456008261247e-05
1372.77702 0.00055769
1377.56498 0.08234589406402934
1379.78796 0.002902009286688276
1385.88691 3.3522132650876064e-05
1385.88691 0.00038533
1402.90698 0.0017502721799112853
1405.83675 1.7890050067565982e-05
1405.83675 0.00020513
1412.1067 5.010082467950881e-06
1412.1067 5.769e-05
1418.46785 0.06958262938050518
1420.69083 0.045569679064074275
1438.91929 0.0561564615362314
1441.14227 0.0
1466.92886 0.038304803388866986
1482.04514 0.001480010841026502
1491.33607 2.8450390301624344e-06
1491.33607 3.276e-05
1492.27086 0.042727121906499466
1500.2736 0.04953052908973525
1535.84131 0.0014213036864358488
1536.9357 1.428859193017782e-05
1536.9357 3.491165110272585e-05
1536.9357 0.00016453000000000003
1536.9357 0.00040171
1541.17647 0.029963857222975315
1561.62791 0.04953052908973525
1563.15549 3.873282684531276e-05
1563.15549 0.00044657999999999997
1589.63748 0.01720059253945116
1605.19836 0.06825365127354777
1605.19836 0.1371702057078452
1607.42134 0.041598877153926725
1610.08892 0.17801011526675597
1619.01505 2.171122581015289e-05
1619.01505 3.1958924392545055e-05
1619.01505 0.00025
1619.01505 0.00036895
1625.64979 0.001691565025320632
1627.87278 0.04461433425408816
1638.39489 1.2123548492389374e-05
1638.39489 0.0001396
1656.32695 0.025526529367048304
1663.88509 0.03037315145305846
1684.56452 3.2167352160322524e-06
1684.56452 3.704e-05
1722.57182 0.0016210469638892552
1722.57182 0.03037315145305846
1733.58413 1.0020164935901761e-05
1733.58413 0.00011538
1743.84405 2.9179887488845485e-05
1743.84405 0.00033618
1763.27751 0.001540454893681968
1766.64387 5.4885978848066506e-05
1766.64387 0.00063106
1783.17373 7.225495949618882e-05
1783.17373 0.00083191
1786.59371 0.01531655197732061
1786.59371 0.023108275777851163
1810.27911 0.0011347155057418307
1819.08345 8.684490324061156e-05
1819.08345 0.001
1843.37207 0.0011347155057418307
1854.99316 5.8707154590653415e-05
1854.99316 7.607613523877573e-05
1854.99316 0.00067593
1854.99316 0.0008767800000000001
1865.73187 0.007656690095931239
1871.06703 0.007921700051321931
1895.64935 0.0009099608961551279
1907.43274 2.8137748649958143e-05
1907.43274 0.00032407000000000003
1932.42134 0.0012211374013809141
1942.65095 0.00040573938794013717
1945.31464 0.007921700051321931
1963.29229 1.4225195150812172e-06
1963.29229 1.638e-05
1989.65254 0.0
1991.10807 0.019147425752190198
1996.44323 0.0
