50.0 0.1733492997826708
52.22298 0.656580216486555
57.55814 0.008445804139981344
57.55814 0.09291491474574495
60.22572 0.02478490871648579
62.4487 0.07612812175077455
72.67442 0.13583528230858327
72.67442 0.6380840850544438
78.00958 0.20246550646384176
78.00958 0.3275931500953445
82.90014 0.2747100186683971
85.56772 0.43079689177177444
93.12585 0.2702509955420737
93.12585 0.38856233646889266
93.12585 0.6098624188492578
101.12859 0.32505574037508733
108.68673 0.656580216486555
116.24487 0.37322304061374795
116.24487 0.49433413392576253
116.24487 0.6938877016408483
121.58003 0.7814731420614767
123.80301 0.731185915551316
126.47059 0.4262970195473992
142.03146 0.9271243825619607
144.25445 0.7256787967188979
149.5896 0.6640435677661788
152.25718 0.596891948737216
157.14774 0.46458564293467497
162.4829 0.38303213503353367
162.4829 0.6659812577257332
170.04104 0.6192727313322617
172.70862 0.6604741388933152
177.59918 0.6098624188492578
180.26676 0.5670478148625465
187.8249 0.34005286952276487
195.82763 0.4329996637558587
200.71819 0.5521211123032989
208.27633 0.6043460287730141
216.27907 0.5410883321508115
218.50205 0.29851875090826174
218.50205 0.4374052077240272
221.16963 0.2953428381126336
226.50479 0.5615314247863028
238.95349 0.671497647801977
241.62107 0.7217848743121377
246.95622 0.4245538596158774
251.84679 0.5297403297082531
251.84679 0.5615314247863028
251.84679 0.6137563412560181
257.18194 0.3019802827069866
259.40492 0.7684934007056092
259.40492 0.8226652783787045
262.0725 0.36762493341414204
262.0725 0.6977723528037828
269.63064 0.4885389221471996
269.63064 0.5203300172252492
290.08208 0.32943063828307306
290.08208 0.4849694932743361
298.08482 0.2725072466843128
302.97538 0.539150642191257
305.64295 0.2437140060752481
308.31053 0.6903182727679847
310.53352 0.5167605883523857
310.53352 0.6247891214085054
328.76197 0.4736214908317777
341.21067 0.44960896932342287
343.87825 0.20737218515883232
346.54583 0.24496152767730947
366.99726 0.4402079280842446
374.5554 0.21337554849849327
379.89056 0.1724669851982913
379.89056 0.4139332230824386
418.12585 0.18179510392265213
425.68399 0.39154316924356725
459.02873 0.14420349280229872
469.25445 0.1689382212115272
471.92202 0.399006520523191
484.81532 0.2155838550855526
487.0383 0.28535859479246267
502.59918 0.3463277811660109
502.59918 0.4374052077240272
512.8249 0.48302253207095586
512.8249 0.48992305535461894
515.49248 0.5595844635829227
520.38304 0.553460297508607
538.16689 0.3951706524211454
538.16689 0.4880855671668904
540.83447 0.3840890892077691
540.83447 0.42722818672837715
543.50205 0.2431240394895809
543.50205 0.32539037811126026
551.06019 0.17959233193856788
566.62107 0.13514947004862674
579.51436 0.11102905874112012
589.74008 0.3561826452926541
602.18878 0.11421760159685124
625.3078 0.3302324338247448
640.86867 0.11201482961276697
666.21067 0.32440082145843
668.87825 0.0945910456673724
673.76881 0.3581296064960342
679.10397 0.08667188258984786
691.99726 0.5018431570369638
709.78112 0.34321217518061226
717.33926 0.11201482961276697
717.33926 0.26859720487202565
735.12312 0.1373577766356861
763.57729 0.27054416607540577
766.24487 0.32083139258556653
771.13543 0.10760928564459846
781.36115 0.12450089392456117
784.02873 0.4178178742453732
794.25445 0.3153150025093229
794.25445 0.5054125859098272
809.37073 0.17738402535150855
814.70588 0.23485914859059587
814.70588 0.2684669865125
819.59644 0.3125390300031104
827.59918 0.10439587711696259
829.82216 0.3760762721570985
840.04788 0.39921091259295827
858.27633 0.2089089371226866
860.49932 0.3360444888383009
863.16689 0.22623243120961822
870.72503 0.19648394021853058
873.39261 0.2684669865125
878.72777 0.1311092098768139
888.95349 0.1995078958835083
891.17647 0.22740506855479772
893.84405 0.10356902547278563
914.29549 0.11766650333547311
924.5212 0.10356902547278563
929.85636 0.2257826008853143
955.19836 0.06978027430988518
962.7565 0.1995078958835083
975.64979 0.10785740891568747
980.98495 0.05692339159876023
983.65253 0.21247836599555014
1008.99453 0.10266511121760014
1019.22025 0.05692339159876023
1026.77839 0.2144253271989303
1045.00684 0.188475115731021
1047.22982 0.029748490991087628
1062.7907 0.07785888765013699
1090.80027 0.008445804139981344
1093.46785 0.21085589832606672
1116.58687 0.07785888765013699
1126.81259 0.027545719007003373
1141.92886 0.11275982464048256
1149.487 0.15429820622518112
1152.15458 0.2089089371226866
1154.82216 0.05912616358284448
1165.04788 0.10577179745686989
1180.60876 0.2737125273407986
1180.60876 0.31005434825721434
1185.49932 0.22727173003130494
1190.83447 0.1267036659086454
1190.83447 0.3466860511469224
1205.76835 0.0
1205.76835 0.0
1205.95075 0.32014906168009677
1208.61833 0.22188867847855404
1218.84405 0.23708082445109058
1223.73461 0.11421760159685124
1223.73461 0.2786149430655937
1236.62791 0.15602897212454359
1244.18605 0.10785740891568747
1246.85363 0.21247836599555014
1249.5212 0.05068035944286314
1254.78796 0.00023362
1254.78796 0.000498767512870457
1267.30506 0.15083667442645624
1269.97264 0.12776121675835556
1271.31783 0.0006146700000000001
1271.31783 0.0013087318500105154
1274.8632 0.20391065336010744
1274.8632 0.22188867847855404
1282.86594 0.016891608279962687
1291.26767 0.00095085
1291.26767 0.002024910842850146
1297.98222 0.25207795359876806
1305.54036 0.29851875090826174
1323.76881 0.23129899096155798
1323.76881 0.2688101116160035
1328.65937 0.1891991432155267
1333.99453 0.0106485761240656
1340.28728 0.0008853299999999999
1340.28728 0.0018884957965949784
1344.22025 0.1225689190602682
1356.66895 0.03378875116290046
1356.81715 0.00072507
1356.81715 0.001547458180957059
1372.77702 0.00055769
1372.77702 0.0011893686845372436
1377.56498 0.24070003220073627
1379.78796 0.07122570602597945
1385.88691 0.00038533
1385.88691 0.0008227532477264805
1402.90698 0.04295795065979142
1405.83675 0.00020513
1405.83675 0.0004390859301338212
1412.1067 5.769e-05
1412.1067 0.0001229653752884473
1418.46785 0.20339254704644294
1420.69083 0.025342947022919116
1438.91929 0.16414737193259515
1441.14227 0.0
1466.92886 0.021302686851106287
1482.04514 0.036324769035633885
1491.33607 3.276e-05
1491.33607 6.982745180186398e-05
1492.27086 0.12489292557492172
1500.2736 0.027545719007003373
1535.84131 0.034883885109563674
1536.9357 0.00016453000000000003
1536.9357 0.0003506932431306679
1536.9357 0.00040171
1536.9357 0.0008568570092902724
1541.17647 0.08758544042062842
1561.62791 0.027545719007003373
1563.15549 0.00044657999999999997
1563.15549 0.0009506423535907003
1589.63748 0.050277955266335134
1605.19836 0.1995078958835083
1605.19836 0.4009534817265712
1607.42134 0.023134640435859773
1610.08892 0.5203300172252492
1619.01505 0.00025
1619.01505 0.00036895
1619.01505 0.000532871274434249
1619.01505 0.0007843865159672145
1625.64979 0.04151706673372121
1627.87278 0.1304093156511654
1638.39489 0.0001396
1638.39489 0.00029755531964408466
1656.32695 0.07461497030858659
1663.88509 0.016891608279962687
1684.56452 3.704e-05
1684.56452 7.895020802017833e-05
1722.57182 0.016891608279962687
1722.57182 0.039786300834358766
1733.58413 0.00011538
1733.58413 0.0002459307505768946
1743.84405 0.00033618
1743.84405 0.0007161789928396306
1763.27751 0.037808282663658835
1766.64387 0.00063106
1766.64387 0.0013470985817697814
1783.17373 0.00083191
1783.17373 0.0017733956013171804
1786.59371 0.012851348108149856
1786.59371 0.044770836433917084
1810.27911 0.027849984287031587
1819.08345 0.001
1819.08345 0.002131485097736996
1843.37207 0.027849984287031587
1854.99316 0.00067593
1854.99316 0.0008767800000000001
1854.99316 0.0014408839260702092
1854.99316 0.0018671809456176085
1865.73187 0.022380782595045733
1871.06703 0.004405543968168512
1895.64935 0.022333700854088243
1907.43274 0.00032407000000000003
1907.43274 0.0006906011716667867
1932.42134 0.0035694288728635487
1942.65095 0.009958298376627244
1945.31464 0.004405543968168512
1963.29229 1.638e-05
1963.29229 3.491372590093199e-05
1989.65254 0.0
1991.10807 0.0106485761240656
1996.44323 0.0
