50.0 0.13886421510479355
52.22298 0.4601566252498766
57.55814 0.006765645804728934
57.55814 0.07443097101558935
60.22572 0.026165024637643076
62.4487 0.08036721877864295
72.67442 0.1433990961564945
72.67442 0.4471938261793799
78.00958 0.21373953906780535
78.00958 0.26242370588591457
82.90014 0.22006083192511183
85.56772 0.34509670544081655
93.12585 0.2852995763507711
93.12585 0.3112640428353864
93.12585 0.4274149989259505
101.12859 0.34315605325850057
108.68673 0.4601566252498766
116.24487 0.3940054879645083
116.24487 0.39599422433877735
116.24487 0.4863031432747782
121.58003 0.5476863827830398
123.80301 0.5124431636560354
126.47059 0.450034823488873
142.03146 0.6497643644359234
144.25445 0.508583563331286
149.5896 0.4653872283835858
152.25718 0.41832479546749185
157.14774 0.3721637222415179
162.4829 0.4043607892529873
162.4829 0.4667452359052569
170.04104 0.4340101072249751
172.70862 0.4628856355805075
177.59918 0.4274149989259505
180.26676 0.39740888057629953
187.8249 0.3589882783488391
195.82763 0.34686127099146014
200.71819 0.38694767430888116
208.27633 0.4235489009575567
216.27907 0.3792154783720937
218.50205 0.3151413854963182
218.50205 0.3503904020927473
221.16963 0.3117886260613261
226.50479 0.39354278260790576
238.95349 0.4706113338736507
241.62107 0.5058545530006551
246.95622 0.34009562518673125
251.84679 0.37126236255139794
251.84679 0.39354278260790576
251.84679 0.43014400925658136
257.18194 0.3187956682630479
259.40492 0.5385896816809369
259.40492 0.5765554134949279
262.0725 0.2944918029407012
262.0725 0.48902565596176467
269.63064 0.34238683419586546
269.63064 0.36466725425237334
290.08208 0.2638956550387127
290.08208 0.33988524139278725
298.08482 0.21829626637446825
302.97538 0.37785747085042254
305.64295 0.2572849085885887
308.31053 0.48380155047169987
310.53352 0.362165661449295
310.53352 0.43787620519336884
328.76197 0.3319321255720915
341.21067 0.31510322853320105
343.87825 0.21891943988616228
346.54583 0.19623032982785232
366.99726 0.3085146178778208
374.5554 0.17092787857779462
379.89056 0.18207058853889335
379.89056 0.29010029578970675
418.12585 0.14562986090952248
425.68399 0.2744084863885792
459.02873 0.15223327974158107
469.25445 0.13533065042172085
471.92202 0.27963908952228833
484.81532 0.17269687771022374
487.0383 0.22859104328048435
502.59918 0.27743138022995617
502.59918 0.3503904020927473
512.8249 0.33852073622747175
512.8249 0.39246065965570465
515.49248 0.3921782774425904
520.38304 0.44335817855366544
538.16689 0.31655773948731714
538.16689 0.39098871050290646
540.83447 0.2691843808985144
540.83447 0.2994179167757179
543.50205 0.19475838067505416
543.50205 0.260659140335271
551.06019 0.1438652953588789
566.62107 0.10826363362101955
579.51436 0.11721156977767698
589.74008 0.2496264735289931
602.18878 0.09149582730811993
625.3078 0.23143956896843157
640.86867 0.08973126175747634
666.21067 0.22735255111612962
668.87825 0.09985822698394604
673.76881 0.25099097869430853
679.10397 0.069429890761504
691.99726 0.35171095282552106
709.78112 0.24053627007053452
717.33926 0.08973126175747634
717.33926 0.1882432340207314
735.12312 0.1100326327534487
763.57729 0.18960773918604684
766.24487 0.22485095831305132
771.13543 0.08620213065618917
781.36115 0.09973342226564705
784.02873 0.2928228084766933
794.25445 0.22098486034465759
794.25445 0.3542125456285993
809.37073 0.1420962962264498
814.70588 0.16459830879890813
814.70588 0.2150597516710265
819.59644 0.2503643634292549
827.59918 0.11020902792419011
829.82216 0.3012618823272157
840.04788 0.3197942541907589
858.27633 0.14641140423834664
860.49932 0.26919378527242904
863.16689 0.1812270890655963
870.72503 0.15739658696833678
873.39261 0.2150597516710265
878.72777 0.1050271189175778
888.95349 0.13982279358296637
891.17647 0.1593742033088433
893.84405 0.08296561595274742
914.29549 0.12421861197939872
924.5212 0.08296561595274742
929.85636 0.15823711567108042
955.19836 0.05589859915204614
962.7565 0.13982279358296637
975.64979 0.11386331069091978
980.98495 0.04559938866424449
983.65253 0.14891299704142494
1008.99453 0.10838188654082528
1019.22025 0.04559938866424449
1026.77839 0.15027750220674038
1045.00684 0.13209059764617886
1047.22982 0.023830502097259516
1062.7907 0.08219436016200776
1090.80027 0.006765645804728934
1093.46785 0.14777590940366206
1116.58687 0.08219436016200776
1126.81259 0.02206593654661593
1141.92886 0.11903871116104181
1149.487 0.1628901043617976
1152.15458 0.14641140423834664
1154.82216 0.04736395421488808
1165.04788 0.084730181503391
1180.60876 0.2889538591175007
1180.60876 0.3273193278199271
1185.49932 0.23992706544662287
1190.83447 0.10149798781629063
1190.83447 0.365990820202326
1205.76835 0.0
1205.76835 0.0
1205.95075 0.3379761524401436
1208.61833 0.15550810534044954
1218.84405 0.25028236673510185
1223.73461 0.09149582730811993
1223.73461 0.29412925958762276
1236.62791 0.16471724574516242
1244.18605 0.11386331069091978
1246.85363 0.14891299704142494
1249.5212 0.04059830841015914
1254.78796 0.00023362
1254.78796 0.0005265407434819814
1267.30506 0.15923582159506794
1269.97264 0.13487543659961526
1271.31783 0.0006146700000000001
1271.31783 0.00138160690811084
1274.8632 0.15550810534044954
1274.8632 0.21526515711943262
1282.86594 0.013531291609457869
1291.26767 0.00095085
1291.26767 0.002137665411572147
1297.98222 0.2661145918254404
1305.54036 0.3151413854963182
1323.76881 0.1621032136394742
1323.76881 0.28377845864737866
1328.65937 0.19973445536083162
1333.99453 0.008530211355372522
1340.28728 0.0008853299999999999
1340.28728 0.0019936542680557075
1344.22025 0.12939401244952078
1356.66895 0.027067016800701275
1356.81715 0.00072507
1356.81715 0.0016336264092646092
1372.77702 0.00055769
1372.77702 0.0012555971575339557
1377.56498 0.16869182429485446
1379.78796 0.07519181830852091
1385.88691 0.00038533
1385.88691 0.000868567209333525
1402.90698 0.045350009162973735
1405.83675 0.00020513
1405.83675 0.00046353586819353925
1412.1067 5.769e-05
1412.1067 0.00012981254483536542
1418.46785 0.14254530626995288
1420.69083 0.02030137099597234
1438.91929 0.11504078072338025
1441.14227 0.0
1466.92886 0.017064856292530583
1482.04514 0.03834746730948687
1491.33607 3.276e-05
1491.33607 7.37157040874774e-05
1492.27086 0.08752975753316325
1500.2736 0.02206593654661593
1535.84131 0.03682634960609448
1536.9357 0.00016453000000000003
1536.9357 0.0003702211475431214
1536.9357 0.00040171
1536.9357 0.0009045699952126348
1541.17647 0.06138323950826169
1561.62791 0.02206593654661593
1563.15549 0.00044657999999999997
1563.15549 0.001003577656380187
1589.63748 0.03523672148336013
1605.19836 0.13982279358296637
1605.19836 0.28100359468760383
1607.42134 0.018532371863543215
1610.08892 0.36466725425237334
1619.01505 0.00025
1619.01505 0.00036895
1619.01505 0.0005625435293610913
1619.01505 0.0008280640752195263
1625.64979 0.04382889145958135
1627.87278 0.091395855501557
1638.39489 0.0001396
1638.39489 0.0003141243067952334
1656.32695 0.052293036049803114
1663.88509 0.013531291609457869
1684.56452 3.704e-05
1684.56452 8.334644931013929e-05
1722.57182 0.013531291609457869
1722.57182 0.04200175007621652
1733.58413 0.00011538
1733.58413 0.00025962508967073084
1743.84405 0.00033618
1743.84405 0.0007560585034613067
1763.27751 0.03991358849522815
1766.64387 0.00063106
1766.64387 0.0014221100422248387
1783.17373 0.00083191
1783.17373 0.0018721448657137117
1786.59371 0.010294776906016111
1786.59371 0.03137712115861074
1810.27911 0.029400775018528075
1819.08345 0.001
1819.08345 0.002250174117444365
1843.37207 0.029400775018528075
1854.99316 0.00067593
1854.99316 0.0008767800000000001
1854.99316 0.001521117703392391
1854.99316 0.0019711525268812638
1865.73187 0.015685311757483195
1871.06703 0.003529131101287177
1895.64935 0.023577324402582058
1907.43274 0.00032407000000000003
1907.43274 0.0007290564140519743
1932.42134 0.002501592803078305
1942.65095 0.010512813476700073
1945.31464 0.003529131101287177
1963.29229 1.638e-05
1963.29229 3.68578520437387e-05
1989.65254 0.0
1991.10807 0.008530211355372522
1996.44323 0.0
