50.0 0.14463869990485564
52.22298 0.15611522285438917
57.55814 0.0070469862410143256
57.55814 0.07752608454400295
60.22572 0.0048010851581614
62.4487 0.014746779971524987
72.67442 0.02631265522525883
72.67442 0.15171739360525394
78.00958 0.039219597265517284
78.00958 0.2733362487586094
82.90014 0.22921177068987292
85.56772 0.35944709570238015
93.12585 0.05235032569687684
93.12585 0.1450071218085785
93.12585 0.32420754655088585
101.12859 0.06296655390350274
108.68673 0.15611522285438917
116.24487 0.07229704258634856
116.24487 0.16498583182607843
116.24487 0.4124611206347815
121.58003 0.18581104130807358
123.80301 0.17385423637207892
126.47059 0.0825780040963433
142.03146 0.22044256887895786
144.25445 0.17254480751293788
149.5896 0.15788978553386476
152.25718 0.14192313026996187
157.14774 0.38763965861286015
162.4829 0.07419716246060543
162.4829 0.1583505105028218
170.04104 0.1472446138826999
172.70862 0.15704108164368077
177.59918 0.1450071218085785
180.26676 0.1348270839777482
187.8249 0.06587164808761209
195.82763 0.361285038378608
200.71819 0.13127795861879699
208.27633 0.1436954885237487
216.27907 0.1286546920491374
218.50205 0.05782607314850536
218.50205 0.3649609237310637
221.16963 0.05721086701798761
226.50479 0.13351545069291842
238.95349 0.15966214378765162
241.62107 0.17161894872364628
246.95622 0.3542380521375937
251.84679 0.12595647500605894
251.84679 0.13351545069291842
251.84679 0.1459329805978701
257.18194 0.05849660654176767
259.40492 0.18272484534376815
259.40492 0.19560530464336567
262.0725 0.16590948618968127
262.0725 0.30673785523387587
269.63064 0.11616000724507805
269.63064 0.12371898293193752
290.08208 0.11531130335489408
290.08208 0.27486940697094014
298.08482 0.22737382801364506
302.97538 0.12819396708018035
305.64295 0.047209844941879464
308.31053 0.16413712793589444
310.53352 0.12287027904175353
310.53352 0.14855624716752971
328.76197 0.11261308631181563
341.21067 0.1069036237778506
343.87825 0.0401700700926662
346.54583 0.20439030866795155
366.99726 0.10466833612941798
374.5554 0.1780356884336994
379.89056 0.03340858311725761
379.89056 0.09842099372738831
418.12585 0.15168568614586997
425.68399 0.09309730568896148
459.02873 0.02793366144567005
469.25445 0.14095819660597725
471.92202 0.09487186836843708
484.81532 0.17987824905634994
487.0383 0.2380966996071151
502.59918 0.28896799739939155
502.59918 0.3649609237310637
512.8249 0.11484837396024825
512.8249 0.4087806173359031
515.49248 0.1330525212982726
520.38304 0.46179464226830447
538.16689 0.32972137457956935
538.16689 0.40724745912357235
540.83447 0.09132494743517465
540.83447 0.10158214016511256
543.50205 0.20285715045562078
543.50205 0.27149830608238157
551.06019 0.1498477434696421
566.62107 0.11276563369549726
579.51436 0.021507441166892616
589.74008 0.08468962611191803
602.18878 0.09530056032491
625.3078 0.078519438608996
640.86867 0.09346261764868213
666.21067 0.07713285485074735
668.87825 0.018323233328937615
673.76881 0.08515255550656384
679.10397 0.07231704097921647
691.99726 0.11932335810849111
709.78112 0.08160563457330142
717.33926 0.06386441662992288
717.33926 0.09346261764868213
735.12312 0.11460819431814781
763.57729 0.0643273460245687
766.24487 0.07628415096056337
771.13543 0.08978673229622644
781.36115 0.10388070477825509
784.02873 0.09934464809099115
794.25445 0.07497251767573357
794.25445 0.12017206199867507
809.37073 0.14800518284699157
814.70588 0.0558425115484176
814.70588 0.22400272712508645
819.59644 0.26077543448891155
827.59918 0.020222527423153513
829.82216 0.31378945942131287
840.04788 0.33309247546812804
858.27633 0.049672324045495576
860.49932 0.2803878529460464
863.16689 0.18876317797359213
870.72503 0.16394171595167076
873.39261 0.22400272712508645
878.72777 0.10939453280693864
888.95349 0.04743703639706294
891.17647 0.05407015329463078
893.84405 0.08641563140766781
914.29549 0.02279318069067268
924.5212 0.08641563140766781
929.85636 0.05368437879909261
955.19836 0.05822306849718783
962.7565 0.04743703639706294
975.64979 0.020893060816415822
980.98495 0.047495578957295115
983.65253 0.05052102793567956
1008.99453 0.019887260726522357
1019.22025 0.047495578957295115
1026.77839 0.050983957330325375
1045.00684 0.044813769827403344
1047.22982 0.024821462021921363
1062.7907 0.015082046668156142
1090.80027 0.0070469862410143256
1093.46785 0.050135253440141386
1116.58687 0.015082046668156142
1126.81259 0.022983519345693513
1141.92886 0.02184270786352377
1149.487 0.029889108582671457
1152.15458 0.049672324045495576
1154.82216 0.04933352163352296
1165.04788 0.08825357408389567
1180.60876 0.05302085909013915
1180.60876 0.06006063393935241
1185.49932 0.04402481132388351
1190.83447 0.0671565618313512
1190.83447 0.10571864745448294
1205.76835 0.0
1205.76835 0.0
1205.95075 0.06201608107635382
1208.61833 0.05275852000980098
1218.84405 0.04592493119814036
1223.73461 0.05397050613724709
1223.73461 0.09530056032491
1236.62791 0.030224375279302614
1244.18605 0.020893060816415822
1246.85363 0.05052102793567956
1249.5212 0.04228653539250864
1254.78796 9.661626479272167e-05
1254.78796 0.00023362
1267.30506 0.029218575189409148
1269.97264 0.02474862782767409
1271.31783 0.0002535144725757739
1271.31783 0.0006146700000000001
1274.8632 0.03949953669940389
1274.8632 0.05275852000980098
1282.86594 0.014093972482028651
1291.26767 0.0003922455194576307
1291.26767 0.00095085
1297.98222 0.04883002538224972
1305.54036 0.05782607314850536
1323.76881 0.052071212043031195
1323.76881 0.05499601208392241
1328.65937 0.03664976977803908
1333.99453 0.008884928917242178
1340.28728 0.00036582055814680085
1340.28728 0.0008853299999999999
1344.22025 0.023742827737780626
1356.66895 0.028192562910479987
1356.81715 0.0002997581548697262
1356.81715 0.00072507
1372.77702 0.0002303926314287978
1372.77702 0.00055769
1377.56498 0.057231299732355044
1379.78796 0.01379713292441704
1385.88691 0.00015937554790594258
1385.88691 0.00038533
1402.90698 0.008321385472788516
1405.83675 8.50553442192336e-05
1405.83675 0.00020513
1412.1067 2.3819625281590225e-05
1412.1067 5.769e-05
1418.46785 0.04836069076066577
1420.69083 0.02114557666946566
1438.91929 0.03902935682001949
1441.14227 0.0
1466.92886 0.017774475780907042
1482.04514 0.007036471729049413
1491.33607 1.3526277070981032e-05
1491.33607 3.276e-05
1492.27086 0.029695818453684412
1500.2736 0.022983519345693513
1535.84131 0.006757358075203773
1536.9357 6.793279506985682e-05
1536.9357 0.00016453000000000003
1536.9357 0.00016598178823365006
1536.9357 0.00040171
1541.17647 0.02082520948199515
1561.62791 0.022983519345693513
1563.15549 0.0001841489491348456
1563.15549 0.00044657999999999997
1589.63748 0.011954600510305885
1605.19836 0.04743703639706294
1605.19836 0.09533479776308292
1607.42134 0.019303016046815124
1610.08892 0.12371898293193752
1619.01505 0.00010322250512042914
1619.01505 0.00015194352753727168
1619.01505 0.00025
1619.01505 0.00036895
1625.64979 0.008042271818942875
1627.87278 0.031007451738514213
1638.39489 5.763944685924763e-05
1638.39489 0.0001396
1656.32695 0.017741217943378528
1663.88509 0.014093972482028651
1684.56452 1.529344635864278e-05
1684.56452 3.704e-05
1722.57182 0.00770700512231172
1722.57182 0.014093972482028651
1733.58413 4.763925056318045e-05
1733.58413 0.00011538
1743.84405 0.00013873104688185675
1743.84405 0.00033618
1763.27751 0.007323843183304688
1766.64387 0.00026094649294444483
1766.64387 0.00063106
1783.17373 0.00034352449704078814
1783.17373 0.00083191
1786.59371 0.010645171651164876
1786.59371 0.01072287159347003
1810.27911 0.005394821007614108
1819.08345 0.00041289002048171654
1819.08345 0.001
1843.37207 0.005394821007614108
1854.99316 0.0002791136538456404
1854.99316 0.0003616916579419837
1854.99316 0.00067593
1854.99316 0.0008767800000000001
1865.73187 0.005321483612738043
1871.06703 0.0036758853524557038
1895.64935 0.004326261634607425
1907.43274 0.00013377636663607616
1907.43274 0.00032407000000000003
1932.42134 0.0008487038901839877
1942.65095 0.0019290221756905796
1945.31464 0.0036758853524557038
1963.29229 6.763138535490516e-06
1963.29229 1.638e-05
1989.65254 0.0
1991.10807 0.008884928917242178
1996.44323 0.0
