50.0 0.16573950665280834
52.22298 0.6509418311382572
57.55814 0.00807504508643356
57.55814 0.0888360792339755
60.22572 0.038810322448059396
62.4487 0.11920790132050993
72.67442 0.21270246207171734
72.67442 0.6326045353119842
78.00958 0.3132122664914826
78.00958 0.3170377458459121
82.90014 0.2626506309732174
85.56772 0.4118855074657464
93.12585 0.37150499039197543
93.12585 0.42318204189795766
93.12585 0.6046252227830747
101.12859 0.5089999822819018
108.68673 0.6509418311382572
116.24487 0.472633553070109
116.24487 0.5844244462207775
116.24487 0.6879289381081432
121.58003 0.7747622381937573
123.80301 0.7249068534510484
126.47059 0.6675322058489749
142.03146 0.9191626980587939
144.25445 0.7194470270245792
149.5896 0.6583410908576306
152.25718 0.5917661366372321
157.14774 0.44419097945308383
162.4829 0.5997843622773624
162.4829 0.6602621408965734
170.04104 0.6139547241683715
172.70862 0.6548023144701042
177.59918 0.6046252227830747
180.26676 0.5621782893867195
187.8249 0.5324837652836688
195.82763 0.41399158082380705
200.71819 0.547379769947973
208.27633 0.5991562047296248
216.27907 0.5364417338410733
218.50205 0.41820372753992835
218.50205 0.46744610246780316
221.16963 0.46247298753422833
226.50479 0.5567092713332698
238.95349 0.6657311589500233
241.62107 0.7155865436927322
246.95622 0.4059165357373735
251.84679 0.5251911824168337
251.84679 0.5567092713332698
251.84679 0.6084857061149216
257.18194 0.4728664639792968
259.40492 0.7618939604209343
259.40492 0.8156006368685096
262.0725 0.3514867102071929
262.0725 0.6917802298130095
269.63064 0.4843435921151008
269.63064 0.515861681031537
290.08208 0.3149690915037342
290.08208 0.48080481572757455
298.08482 0.2605445576151567
302.97538 0.5345206838021305
305.64295 0.3816281620838589
308.31053 0.6843901617206168
310.53352 0.5123229046440105
310.53352 0.6194237422218213
328.76197 0.4695542643033349
341.21067 0.4457479504236121
343.87825 0.32472104153523385
346.54583 0.23420805735619224
366.99726 0.43642764066529594
374.5554 0.20400865872691548
379.89056 0.27006350452031974
379.89056 0.4103785698023097
418.12585 0.1738145517392419
425.68399 0.3881807906441898
459.02873 0.22580611927253275
469.25445 0.1615220682950839
471.92202 0.39558005036356314
484.81532 0.2061200237265793
487.0383 0.2728317494177116
502.59918 0.3311244733182045
502.59918 0.41820372753992835
512.8249 0.4684161147123845
512.8249 0.478874574061651
515.49248 0.5547790296673463
520.38304 0.5291641603167471
538.16689 0.3778232104661574
538.16689 0.46665928970013293
540.83447 0.38079072255179713
540.83447 0.4235593628924728
543.50205 0.23245123234394066
543.50205 0.3111061931334219
551.06019 0.17170847838118125
566.62107 0.12921659630774646
579.51436 0.17385876301336553
589.74008 0.35312392534022746
602.18878 0.10920360776456708
625.3078 0.3273965614215618
640.86867 0.10709753440650643
666.21067 0.32161502805077197
668.87825 0.14811872115582903
673.76881 0.35505416700615094
679.10397 0.08286710750560258
691.99726 0.4975335768322446
709.78112 0.34026483919438494
717.33926 0.10709753440650643
717.33926 0.2662906252546132
735.12312 0.13132796130741028
763.57729 0.26822086692053665
766.24487 0.31807625166324566
771.13543 0.10288538769038513
781.36115 0.11903547786325226
784.02873 0.41422986150717606
794.25445 0.3126072336097958
794.25445 0.5010723532197708
809.37073 0.16959711338151745
814.70588 0.23284229467225367
814.70588 0.2566816592448445
819.59644 0.2988190013308671
827.59918 0.16347196189035545
829.82216 0.3595670469352296
840.04788 0.3816861088364697
858.27633 0.20711493075358803
860.49932 0.3212926032195193
863.16689 0.21630114217107355
870.72503 0.18785856855404837
873.39261 0.2566816592448445
878.72777 0.1253536979374342
888.95349 0.19779462099527187
891.17647 0.22545222657986097
893.84405 0.09902248932007288
914.29549 0.18425223945843403
924.5212 0.09902248932007288
929.85636 0.2238436918582581
955.19836 0.06671701733273547
962.7565 0.19779462099527187
975.64979 0.16889232340184915
980.98495 0.05442453388857743
983.65253 0.2106537071411144
1008.99453 0.16076178113460862
1019.22025 0.05442453388857743
1026.77839 0.21258394880703788
1045.00684 0.1868565848883722
1047.22982 0.028442573617025155
1062.7907 0.12191808207625678
1090.80027 0.00807504508643356
1093.46785 0.20904517241951148
1116.58687 0.12191808207625678
1126.81259 0.0263365002589645
1141.92886 0.17656894376911236
1149.487 0.24161328190703646
1152.15458 0.20711493075358803
1154.82216 0.05653060724663809
1165.04788 0.10112856267813353
1180.60876 0.4286024034094513
1180.60876 0.4855095239580764
1185.49932 0.355881444904264
1190.83447 0.1211415512213129
1190.83447 0.5428705664066789
1205.76835 0.0
1205.76835 0.0
1205.95075 0.5013166865925801
1208.61833 0.21998320852641112
1218.84405 0.37124136096084887
1223.73461 0.10920360776456708
1223.73461 0.4362790237767145
1236.62791 0.2443234626627833
1244.18605 0.16889232340184915
1246.85363 0.2106537071411144
1249.5212 0.04845556216020453
1254.78796 0.00023362
1254.78796 0.0007810126808433007
1267.30506 0.23619292039554277
1269.97264 0.2000594020929378
1271.31783 0.0006146700000000001
1271.31783 0.0020493238719563526
1274.8632 0.21998320852641112
1274.8632 0.3193006800237401
1282.86594 0.01615009017286712
1291.26767 0.00095085
1291.26767 0.0031707779777826305
1297.98222 0.3947251439626158
1305.54036 0.46744610246780316
1323.76881 0.2293127099117079
1323.76881 0.4209257830421881
1328.65937 0.296264143599892
1333.99453 0.010181118444494213
1340.28728 0.0008853299999999999
1340.28728 0.002957167671910959
1344.22025 0.19192885982569727
1356.66895 0.03230547198733741
1356.81715 0.00072507
1356.81715 0.0024231419072317786
1372.77702 0.00055769
1372.77702 0.0018624148543186399
1377.56498 0.2386330196700241
1379.78796 0.11153128095324673
1385.88691 0.00038533
1385.88691 0.0012883371572885215
1402.90698 0.0672672203834012
1405.83675 0.00020513
1405.83675 0.0006875581720244442
1412.1067 5.769e-05
1412.1067 0.0001925496647771368
1418.46785 0.2016459127001382
1420.69083 0.024230426900903847
1438.91929 0.16273775569130947
1441.14227 0.0
1466.92886 0.020367528530591598
1482.04514 0.05688041926039115
1491.33607 3.276e-05
1491.33607 0.00010934177531806208
1492.27086 0.12382040705550013
1500.2736 0.0263365002589645
1535.84131 0.05462416040462161
1536.9357 0.00016453000000000003
1536.9357 0.00040171
1536.9357 0.0005491453691416592
1536.9357 0.0013417397337564395
1541.17647 0.08683330008561425
1561.62791 0.0263365002589645
1563.15549 0.00044657999999999997
1563.15549 0.0014885968190432141
1589.63748 0.049846193115728396
1605.19836 0.19779462099527187
1605.19836 0.3975102920294866
1607.42134 0.022119061901240026
1610.08892 0.515861681031537
1619.01505 0.00025
1619.01505 0.00036895
1619.01505 0.0008344152573112186
1619.01505 0.0012282592587621137
1625.64979 0.06501096152763167
1627.87278 0.12928942510894995
1638.39489 0.0001396
1638.39489 0.0004659374796825845
1656.32695 0.07397421393977173
1663.88509 0.01615009017286712
1684.56452 3.704e-05
1684.56452 0.00012362696452323014
1722.57182 0.01615009017286712
1722.57182 0.06230078077188482
1733.58413 0.00011538
1733.58413 0.0003850993295542736
1743.84405 0.00033618
1743.84405 0.0011214541058262779
1763.27751 0.059203431336745584
1766.64387 0.00063106
1766.64387 0.002109401770482761
1783.17373 0.00083191
1783.17373 0.002776933976331735
1786.59371 0.012287191802554867
1786.59371 0.04438636668925916
1810.27911 0.04360987900811353
1819.08345 0.001
1819.08345 0.0033376610292448743
1843.37207 0.04360987900811353
1854.99316 0.00067593
1854.99316 0.0008767800000000001
1854.99316 0.0022562588557695352
1854.99316 0.00292379106161851
1865.73187 0.022188587531139288
1871.06703 0.004212146716121306
1895.64935 0.034972012264427796
1907.43274 0.00032407000000000003
1907.43274 0.0010814021734753393
1932.42134 0.0035387763875263565
1942.65095 0.015593552328632052
1945.31464 0.004212146716121306
1963.29229 1.638e-05
1963.29229 5.467088765903104e-05
1989.65254 0.0
1991.10807 0.010181118444494213
1996.44323 0.0
