50.0 0.18320944082300847
52.22298 0.6000035457317515
57.55814 0.008926203080869414
57.55814 0.098199932714047
60.22572 0.0456964494364105
62.4487 0.14035899450213601
72.67442 0.25044232281420437
72.67442 0.5831012020989009
78.00958 0.3462267105875889
78.00958 0.3732898468408807
82.90014 0.2903355766179249
85.56772 0.45530070065899914
93.12585 0.41066383584241034
93.12585 0.4982673567288001
93.12585 0.5573113604856693
101.12859 0.5993119996518296
108.68673 0.6000035457317515
116.24487 0.5224519531939801
116.24487 0.6340962929891905
116.24487 0.6881190485307429
121.58003 0.7141346089288091
123.80301 0.6681805678939312
126.47059 0.7859726425251204
142.03146 0.847235269817071
144.25445 0.6631479903912177
149.5896 0.6068237896537789
152.25718 0.5454585390609284
157.14774 0.49101136239471854
162.4829 0.6085945113676966
162.4829 0.706204279035246
170.04104 0.5659107984743126
172.70862 0.6035619338649831
177.59918 0.5573113604856693
180.26676 0.518186035725517
187.8249 0.6269625172158634
195.82763 0.4576287667312049
200.71819 0.5045455478814621
208.27633 0.5522703106302578
216.27907 0.494463448170639
218.50205 0.4622848988756164
218.50205 0.5503852026546409
221.16963 0.5445297064678287
226.50479 0.5131449858701054
238.95349 0.6136355612231083
241.62107 0.6595896022579861
246.95622 0.4487025636503355
251.84679 0.48409328846807803
251.84679 0.5131449858701054
251.84679 0.560869748618901
257.18194 0.5567673005119448
259.40492 0.7022733151513701
259.40492 0.7517772719667816
262.0725 0.3885355093319719
262.0725 0.6376462087697239
269.63064 0.44644215307740737
269.63064 0.47549385047943477
290.08208 0.3481687154518409
290.08208 0.4431802972886117
298.08482 0.2880075105457191
302.97538 0.4926927264567213
305.64295 0.44934055973161136
308.31053 0.6308344372003948
310.53352 0.47223199469063903
310.53352 0.5709518483297242
328.76197 0.43281013758605075
341.21067 0.41086674409778856
343.87825 0.38233639195634483
346.54583 0.2588949858186634
366.99726 0.4022757784618435
374.5554 0.22551239015514976
379.89056 0.317980951986388
379.89056 0.3782651309152277
418.12585 0.19213564390387788
425.68399 0.3578043991491454
459.02873 0.2658709657869725
469.25445 0.1785474592663552
471.92202 0.3646246430711728
484.81532 0.22784630563959726
487.0383 0.3015898457710001
502.59918 0.36602697102582155
502.59918 0.4622848988756164
512.8249 0.44140110322199577
512.8249 0.5177899716373268
515.49248 0.5113657918034896
520.38304 0.5849412241723076
538.16689 0.4176480340590276
538.16689 0.5158479667730747
540.83447 0.35099262757981614
540.83447 0.3904144846844045
543.50205 0.2569529809544113
543.50205 0.3438986445153831
551.06019 0.1898075778316721
566.62107 0.1428367975306358
579.51436 0.20470657474566764
589.74008 0.32549084595832234
602.18878 0.12071432043243913
625.3078 0.30177673075614253
640.86867 0.11838625436023334
666.21067 0.2964476209089931
668.87825 0.17439946964989897
673.76881 0.3272700400249382
679.10397 0.09160179570538338
691.99726 0.4585999791992824
709.78112 0.3136380245335815
717.33926 0.11838625436023334
717.33926 0.24545253001870365
735.12312 0.14517071301508333
763.57729 0.2472317240853195
766.24487 0.29318576512019745
771.13543 0.11373012221582177
781.36115 0.13158252837756063
784.02873 0.3818150466957612
794.25445 0.28814471526478586
794.25445 0.46186183498807803
809.37073 0.1874736623472246
814.70588 0.21462163855006042
814.70588 0.2837374396092613
819.59644 0.33031630929010214
827.59918 0.19247684042797675
829.82216 0.397467561825083
840.04788 0.42191810499548554
858.27633 0.1909075233478806
860.49932 0.35515876308070005
863.16689 0.2391005747926725
870.72503 0.20765998399341093
873.39261 0.2837374396092613
878.72777 0.13856672659417796
888.95349 0.1823165577119355
891.17647 0.20780986698073117
893.84405 0.10946005127936392
914.29549 0.21694416878978373
924.5212 0.10946005127936392
929.85636 0.2063272052585513
955.19836 0.07374938954364454
962.7565 0.1823165577119355
975.64979 0.19885893828528073
980.98495 0.06016120490612184
983.65253 0.1941693791366763
1008.99453 0.18928579149932476
1019.22025 0.06016120490612184
1026.77839 0.19594857320329218
1045.00684 0.17223445800111237
1047.22982 0.031440590799261536
1062.7907 0.143550043430788
1090.80027 0.008926203080869414
1093.46785 0.19268671741449644
1116.58687 0.143550043430788
1126.81259 0.029112524727055753
1141.92886 0.20789762367431963
1149.487 0.28448279796196735
1152.15458 0.1909075233478806
1154.82216 0.06248927097832762
1165.04788 0.11178811735156971
1180.60876 0.5046494545861041
1180.60876 0.5716536223613706
1185.49932 0.41902559490941743
1190.83447 0.13391059444976638
1190.83447 0.6391922515335542
1205.76835 0.0
1205.76835 0.0
1205.95075 0.5902654545363655
1208.61833 0.20276881712531958
1218.84405 0.43711082541392043
1223.73461 0.12071432043243913
1223.73461 0.513688139975143
1236.62791 0.2876738468906193
1244.18605 0.19885893828528073
1246.85363 0.1941693791366763
1249.5212 0.05356306789745821
1254.78796 0.00023362
1254.78796 0.000919587991754391
1267.30506 0.27810070010466337
1269.97264 0.2355560009647786
1271.31783 0.0006146700000000001
1271.31783 0.0024129360125521196
1274.8632 0.20276881712531958
1274.8632 0.37595429409904085
1282.86594 0.01785240616173883
1291.26767 0.00095085
1291.26767 0.0037333700519943222
1297.98222 0.4647613429779542
1305.54036 0.5503852026546409
1323.76881 0.21136825511396287
1323.76881 0.49561076919706515
1328.65937 0.34883037820549895
1333.99453 0.011254269153075199
1340.28728 0.0008853299999999999
1340.28728 0.0034818588063862837
1344.22025 0.22598285417882263
1356.66895 0.03571066173571938
1356.81715 0.00072507
1356.81715 0.0028530806923661874
1372.77702 0.00055769
1372.77702 0.002192863672645086
1377.56498 0.21995922074990798
1379.78796 0.13132030911309714
1385.88691 0.00038533
1385.88691 0.0015169272000734825
1402.90698 0.07920246318725639
1405.83675 0.00020513
1405.83675 0.0008095518218008741
1412.1067 5.769e-05
1412.1067 0.000226713808736371
1418.46785 0.18586647349246901
1420.69083 0.026784458654849966
1438.91929 0.15000300452111243
1441.14227 0.0
1466.92886 0.022514387718392124
1482.04514 0.06697272886956551
1491.33607 3.276e-05
1491.33607 0.00012874231884561473
1492.27086 0.11413106319705763
1500.2736 0.029112524727055753
1535.84131 0.0643161413378306
1536.9357 0.00016453000000000003
1536.9357 0.00040171
1536.9357 0.0006465803943732903
1536.9357 0.001579805011475492
1541.17647 0.08003831593961869
1561.62791 0.029112524727055753
1563.15549 0.00044657999999999997
1563.15549 0.0017527189928310187
1589.63748 0.045945568682179756
1605.19836 0.1823165577119355
1605.19836 0.3664038371377887
1607.42134 0.024450543170402458
1610.08892 0.47549385047943477
1619.01505 0.00025
1619.01505 0.00036895
1619.01505 0.0009824658031564006
1619.01505 0.0014461896622462217
1625.64979 0.07654587565552148
1627.87278 0.1191721130524692
1638.39489 0.0001396
1638.39489 0.0005486089044825341
1656.32695 0.06818549451487788
1663.88509 0.01785240616173883
1684.56452 3.704e-05
1684.56452 0.0001455621333956523
1722.57182 0.01785240616173883
1722.57182 0.0733548267268695
1733.58413 0.00011538
1733.58413 0.000453427617472742
1743.84405 0.00033618
1743.84405 0.0013204340394422024
1763.27751 0.06970791366555294
1766.64387 0.00063106
1766.64387 0.0024836735503793806
1783.17373 0.00083191
1783.17373 0.0032696461929045007
1786.59371 0.013582335225280984
1786.59371 0.040912991179466354
1810.27911 0.05134759273616612
1819.08345 0.001
1819.08345 0.0039298632126256025
1843.37207 0.05134759273616612
1854.99316 0.00067593
1854.99316 0.0008767800000000001
1854.99316 0.002656587531734907
1854.99316 0.0034425601742600277
1865.73187 0.020452259413384095
1871.06703 0.004656132144411569
1895.64935 0.04117710674189106
1907.43274 0.00032407000000000003
1907.43274 0.001273275680890695
1932.42134 0.0032618557887957233
1942.65095 0.018360320929386813
1945.31464 0.004656132144411569
1963.29229 1.638e-05
1963.29229 6.437115942280736e-05
1989.65254 0.0
1991.10807 0.011254269153075199
1996.44323 0.0
