50.0 0.19249426993534496
52.22298 0.20833833380399364
57.55814 0.009378572073731248
57.55814 0.10317658451756238
60.22572 0.008296031291814958
62.4487 0.02548168675769376
72.67442 0.045466931730717544
72.67442 0.20246935830393054
78.00958 0.0677694719940591
78.00958 0.3637730544194971
82.90014 0.30504942652663863
85.56772 0.47837478014614626
93.12585 0.09045870377444261
93.12585 0.193514390172506
93.12585 0.4314757739242307
101.12859 0.1088030068854803
108.68673 0.20833833380399364
116.24487 0.12492561740598547
116.24487 0.22017630744422112
116.24487 0.5489291755632071
121.58003 0.24796789218061005
123.80301 0.2320113392420927
126.47059 0.14269059669444373
142.03146 0.29418423559213436
144.25445 0.2302638848826754
149.5896 0.21070651690051032
152.25718 0.18939875271657203
157.14774 0.5158952142943306
162.4829 0.12820892803592465
162.4829 0.21132136195289788
170.04104 0.19650036016376615
172.70862 0.20957390759348057
177.59918 0.193514390172506
180.26676 0.17992896217286122
187.8249 0.11382286207719082
195.82763 0.48082082974335794
200.71819 0.17519259597982786
208.27633 0.1917639939707328
216.27907 0.17169180357628147
218.50205 0.09992051724125116
218.50205 0.4857129289377813
221.16963 0.09885747229587756
226.50479 0.17817856597108803
238.95349 0.21307175815467108
241.62107 0.22902831109318844
246.95622 0.4714422576696267
251.84679 0.16809098853263374
251.84679 0.17817856597108803
251.84679 0.19474996396199296
257.18194 0.10107916488641006
259.40492 0.24384931288232017
259.40492 0.26103849776796856
262.0725 0.22140893939135214
262.0725 0.408226011044201
269.63064 0.15501744110291926
269.63064 0.16510501854137358
290.08208 0.15388483179588958
290.08208 0.3658134777015933
298.08482 0.3026033769294269
302.97538 0.1710769585238939
305.64295 0.08157621413021347
308.31053 0.2190436981371914
310.53352 0.16397240923434384
310.53352 0.19825075636553935
328.76197 0.15028401675224184
341.21067 0.14266464505040555
343.87825 0.06941184076201215
346.54583 0.27201546525776216
366.99726 0.13968161690150133
374.5554 0.23694108070678951
379.89056 0.0577283347046711
379.89056 0.1313444356648202
418.12585 0.2018728420090762
425.68399 0.12423988637527017
459.02873 0.04826794814382948
469.25445 0.18759602488766228
471.92202 0.12660806947178685
484.81532 0.23939327615726053
487.0383 0.3168740481975815
502.59918 0.38457676770231514
502.59918 0.4857129289377813
512.8249 0.15326704490114607
512.8249 0.5440309305155243
515.49248 0.17756077907634454
520.38304 0.6145853259325851
538.16689 0.4388139227158657
538.16689 0.5419905072334281
540.83447 0.12187464512110942
540.83447 0.13556303760321142
543.50205 0.26997504197566596
543.50205 0.3613270048222854
551.06019 0.19942679241186453
566.62107 0.15007559073947793
579.51436 0.03716376590906787
589.74008 0.11301969962978618
602.18878 0.12683197371270757
625.3078 0.10478548287556234
640.86867 0.12438592411549589
666.21067 0.10293506403368781
668.87825 0.03166161650053012
673.76881 0.11363748652452967
679.10397 0.09624406204104281
691.99726 0.15923898488366642
709.78112 0.10890406217385222
717.33926 0.08522811489339725
717.33926 0.12438592411549589
735.12312 0.15252778618994897
763.57729 0.08584590178814074
766.24487 0.1018024547266581
771.13543 0.11949382492107251
781.36115 0.138250969068535
784.02873 0.13257706761195126
794.25445 0.1000520585248849
794.25445 0.1603715941906961
809.37073 0.19697459696139352
814.70588 0.07452275056019947
814.70588 0.29811690405011904
819.59644 0.3470563335541308
827.59918 0.03494350022450232
829.82216 0.41761072897119156
840.04788 0.44330039559517365
858.27633 0.06628853380597563
860.49932 0.37315777234648767
863.16689 0.2512178978282035
870.72503 0.21818393655932702
873.39261 0.29811690405011904
878.72777 0.14558911786017006
888.95349 0.0633055056570714
891.17647 0.07215750930603872
893.84405 0.11500735204176464
914.29549 0.03938545849960036
924.5212 0.11500735204176464
929.85636 0.07164268689375249
955.19836 0.07748691789358032
962.7565 0.0633055056570714
975.64979 0.03610214786966121
980.98495 0.06321010077216638
983.65253 0.06742114311300534
1008.99453 0.03436417640192288
1019.22025 0.06321010077216638
1026.77839 0.06803893000774884
1045.00684 0.059804713253524995
1047.22982 0.03303396126887645
1062.7907 0.026061010580273204
1090.80027 0.009378572073731248
1093.46785 0.06690632070071911
1116.58687 0.026061010580273204
1126.81259 0.03058791167166476
1141.92886 0.03774308973164731
1149.487 0.05164686147355391
1152.15458 0.06628853380597563
1154.82216 0.06565615036937807
1165.04788 0.11745340163897633
1180.60876 0.09161735141960149
1180.60876 0.1037817247878028
1185.49932 0.07607263781570878
1190.83447 0.11604312776175636
1190.83447 0.1406970186657467
1205.76835 0.0
1205.76835 0.0
1205.95075 0.10716063811752724
1208.61833 0.0704071131042655
1218.84405 0.07935594844564793
1223.73461 0.09325829328158758
1223.73461 0.12683197371270757
1236.62791 0.05222618529613335
1244.18605 0.03610214786966121
1246.85363 0.06742114311300534
1249.5212 0.056277578295646814
1254.78796 0.00016694799813249918
1254.78796 0.00023362
1267.30506 0.05048821382839502
1269.97264 0.042764371829324785
1271.31783 0.0004380601318519422
1271.31783 0.0006146700000000001
1274.8632 0.06825319311685327
1274.8632 0.0704071131042655
1282.86594 0.018757144147462497
1291.26767 0.0006777803342986077
1291.26767 0.00095085
1297.98222 0.08437580363735846
1305.54036 0.09992051724125116
1323.76881 0.07339308309552568
1323.76881 0.08997640955761538
1328.65937 0.06332894062492801
1333.99453 0.011824621670942937
1340.28728 0.0006321193433563857
1340.28728 0.0008853299999999999
1344.22025 0.04102640036158646
1356.66895 0.03752043414818432
1356.81715 0.0005179668660008307
1356.81715 0.00072507
1372.77702 0.000398106764777498
1372.77702 0.00055769
1377.56498 0.07637611124442993
1379.78796 0.023840744895707658
1385.88691 0.0002753928516202764
1385.88691 0.00038533
1402.90698 0.014378931428899094
1405.83675 0.00014697131459527705
1405.83675 0.00020513
1412.1067 4.115910261651229e-05
1412.1067 5.769e-05
1418.46785 0.06453813760420243
1420.69083 0.02814186207445307
1438.91929 0.052085318911587394
1441.14227 0.0
1466.92886 0.0236553891951452
1482.04514 0.012158665744333549
1491.33607 2.3372719738549883e-05
1491.33607 3.276e-05
1492.27086 0.03962955837661642
1500.2736 0.03058791167166476
1535.84131 0.01167637152750633
1536.9357 0.00011738441937068413
1536.9357 0.00016453000000000003
1536.9357 0.0002868080993558319
1536.9357 0.00040171
1541.17647 0.027791584736388934
1561.62791 0.03058791167166476
1563.15549 0.00031820003062860955
1563.15549 0.00044657999999999997
1589.63748 0.015953611096161446
1605.19836 0.0633055056570714
1605.19836 0.12722585636653036
1607.42134 0.025689666623982053
1610.08892 0.16510501854137358
1619.01505 0.00017836324586805466
1619.01505 0.00025
1619.01505 0.0002625506979177765
1619.01505 0.00036895
1625.64979 0.013896637212071876
1627.87278 0.04137995457838962
1638.39489 9.959803649272173e-05
1638.39489 0.0001396
1656.32695 0.02367594728045497
1663.88509 0.018757144147462497
1684.56452 2.642629850781098e-05
1684.56452 3.704e-05
1722.57182 0.013317313389492432
1722.57182 0.018757144147462497
1733.58413 8.231820523302458e-05
1733.58413 0.00011538
1743.84405 0.00023972020244666549
1743.84405 0.00033618
1763.27751 0.012655229020830215
1766.64387 0.00045090228555444217
1766.64387 0.00063106
1783.17373 0.0005935928822488858
1783.17373 0.00083191
1786.59371 0.014206156736744168
1786.59371 0.014270671268154626
1810.27911 0.00932197668204801
1819.08345 0.0007134529834722186
1819.08345 0.001
1843.37207 0.00932197668204801
1854.99316 0.00048229421682721984
1854.99316 0.0006249848135216635
1854.99316 0.00067593
1854.99316 0.0008767800000000001
1865.73187 0.007101607447194124
1871.06703 0.004892099194423377
1895.64935 0.007475560360821907
1907.43274 0.00023115876664499884
1907.43274 0.00032407000000000003
1932.42134 0.0011326093070297173
1942.65095 0.0033332523387822055
1945.31464 0.004892099194423377
1963.29229 1.1686359869274941e-05
1963.29229 1.638e-05
1989.65254 0.0
1991.10807 0.011824621670942937
1996.44323 0.0
