50.0 0.13789114558355303
52.22298 0.5704933394859051
57.55814 0.006718236587609013
57.55814 0.07390940749199222
60.22572 0.02878428211346814
62.4487 0.08841240281773548
72.67442 0.15775410479249205
72.67442 0.5544223103514301
78.00958 0.2351359983999064
78.00958 0.2605848123332749
82.90014 0.21851878966315427
85.56772 0.3426784936236716
93.12585 0.30908290817148
93.12585 0.31385957423173594
93.12585 0.529900900484091
101.12859 0.3775077907523322
108.68673 0.5704933394859051
116.24487 0.39321935602586783
116.24487 0.4334475230536869
116.24487 0.6029092899807057
121.58003 0.6790110504986929
123.80301 0.6353171848218048
126.47059 0.4950856916661187
142.03146 0.8055653701491197
144.25445 0.630532126523119
149.5896 0.5769781407156055
152.25718 0.5186310409557048
157.14774 0.3695558424882542
162.4829 0.44483944481892435
162.4829 0.5786617723392171
170.04104 0.5380773889911045
172.70862 0.5738767140405313
177.59918 0.529900900484091
180.26676 0.49269989169060463
187.8249 0.39492490538514624
195.82763 0.3444306942539916
200.71819 0.47973028923120375
208.27633 0.5251077865317036
216.27907 0.4701440613264292
218.50205 0.34668870644611627
218.50205 0.3479350955146317
221.16963 0.34300031804320374
226.50479 0.48790677773821733
238.95349 0.5834548862916045
241.62107 0.6271487519684926
246.95622 0.33771245766638264
251.84679 0.460283941195804
251.84679 0.48790677773821733
251.84679 0.5332842750387172
257.18194 0.35070880226244516
259.40492 0.6677331353166053
259.40492 0.7148023198944183
262.0725 0.29242819715514645
262.0725 0.6062846088816304
269.63064 0.4244846161463771
269.63064 0.45210745268879043
290.08208 0.2620464470299238
290.08208 0.42138318947130304
298.08482 0.2167665890328342
302.97538 0.46846042970281754
305.64295 0.28304048992552006
308.31053 0.5998078633056315
310.53352 0.4490060260137163
310.53352 0.5428705029434918
328.76197 0.4115230693406778
341.21067 0.3906589262538156
343.87825 0.24083443471098345
346.54583 0.1948552761255406
366.99726 0.3824904934005035
374.5554 0.16973012789127803
379.89056 0.20029681827736165
379.89056 0.3596607708104774
418.12585 0.14460938217116204
425.68399 0.3402063671213762
459.02873 0.16747263691989797
469.25445 0.1343823418087664
471.92202 0.3466911683510766
484.81532 0.1714867310357446
487.0383 0.2269892268810833
502.59918 0.2754873227192884
502.59918 0.3479350955146317
512.8249 0.3897105522510812
512.8249 0.4196915021939898
515.49248 0.4862150904609042
520.38304 0.44025141465327744
538.16689 0.3143395100624401
538.16689 0.3882489175544323
540.83447 0.3337296215453773
540.83447 0.37121257821841586
543.50205 0.1933936414288917
543.50205 0.25883261170295485
551.06019 0.142857181540842
566.62107 0.10750499294418381
579.51436 0.12894506839444062
589.74008 0.3094821039038888
602.18878 0.09085468444199686
625.3078 0.28693432919341494
640.86867 0.08910248381167682
666.21067 0.281867323015177
668.87825 0.10985456412379509
673.76881 0.311173791181202
679.10397 0.06894337153470324
691.99726 0.43604447920801703
709.78112 0.29821224437550264
717.33926 0.08910248381167682
717.33926 0.23338034338590147
735.12312 0.1092615960886504
763.57729 0.2350720306632146
766.24487 0.2787658963401029
771.13543 0.08559808255103672
781.36115 0.09903455572625476
784.02873 0.3630360897114023
794.25445 0.2739727823877156
794.25445 0.43914590588309105
809.37073 0.1411005783963754
814.70588 0.20406581956617498
814.70588 0.2135527537058653
819.59644 0.24860997385470576
827.59918 0.12124153503211581
829.82216 0.29915083625690203
840.04788 0.31755334538940905
858.27633 0.18151804485570114
860.49932 0.26730745143503043
863.16689 0.1799571682536737
870.72503 0.15629365471606002
873.39261 0.2135527537058653
878.72777 0.10429115761721489
888.95349 0.17334961200238905
891.17647 0.19758907399017606
893.84405 0.0823842472240678
914.29549 0.1366535526136821
924.5212 0.0823842472240678
929.85636 0.1961793345924151
955.19836 0.05550689835948522
962.7565 0.17334961200238905
975.64979 0.1252616308484447
980.98495 0.045279857997089584
983.65253 0.18461947153077524
1008.99453 0.11923148712395136
1019.22025 0.045279857997089584
1026.77839 0.1863111588080884
1045.00684 0.16376338409761454
1047.22982 0.023663513537613663
1062.7907 0.09042245072589992
1090.80027 0.006718236587609013
1093.46785 0.18320973213301428
1116.58687 0.09042245072589992
1126.81259 0.021911312907293617
1141.92886 0.13095511630260506
1149.487 0.17919626609855166
1152.15458 0.18151804485570114
1154.82216 0.047032058627409626
1165.04788 0.08413644785438786
1180.60876 0.31787967004806483
1180.60876 0.36008572526260146
1185.49932 0.2639450347979579
1190.83447 0.1007867563565748
1190.83447 0.40262843874747106
1205.76835 0.0
1205.76835 0.0
1205.95075 0.3718093544412551
1208.61833 0.1927959600377888
1218.84405 0.27533695656319523
1223.73461 0.09085468444199686
1223.73461 0.3235731555022252
1236.62791 0.1812063140067161
1244.18605 0.1252616308484447
1246.85363 0.18461947153077524
1249.5212 0.04031382203980061
1254.78796 0.00023362
1254.78796 0.0005792502592493589
1267.30506 0.17517617028222277
1269.97264 0.14837718179233578
1271.31783 0.0006146700000000001
1271.31783 0.0015199130734149843
1274.8632 0.1927959600377888
1274.8632 0.23681433889465456
1282.86594 0.013436473175218027
1291.26767 0.00095085
1291.26767 0.0023516570354140637
1297.98222 0.29275407119600927
1305.54036 0.34668870644611627
1323.76881 0.20097244854480237
1323.76881 0.31218618459390446
1328.65937 0.2197289316752568
1333.99453 0.008470437217929058
1340.28728 0.0008853299999999999
1340.28728 0.002193229614080906
1344.22025 0.14234703806784246
1356.66895 0.02687734886458259
1356.81715 0.00072507
1356.81715 0.0017971610607480108
1372.77702 0.00055769
1372.77702 0.0013812890797484712
1377.56498 0.20914088139811446
1379.78796 0.08271891736357512
1385.88691 0.00038533
1385.88691 0.0009555153849156091
1402.90698 0.04988978514919478
1405.83675 0.00020513
1405.83675 0.0005099382624161023
1412.1067 5.769e-05
1412.1067 0.00014280746776109193
1418.46785 0.17672493090331387
1420.69083 0.020159112276973572
1438.91929 0.14262534878490166
1441.14227 0.0
1466.92886 0.01694527695000465
1482.04514 0.04218625178686997
1491.33607 3.276e-05
1491.33607 8.109503629491024e-05
1492.27086 0.10851771101278791
1500.2736 0.021911312907293617
1535.84131 0.040512862149038494
1536.9357 0.00016453000000000003
1536.9357 0.00040171
1536.9357 0.00040728224424913255
1536.9357 0.0009951222402488987
1541.17647 0.07610176051798734
1561.62791 0.021911312907293617
1563.15549 0.00044657999999999997
1563.15549 0.001104041092415445
1589.63748 0.04368581002318676
1605.19836 0.17334961200238905
1605.19836 0.3483828556283898
1607.42134 0.018402509132506996
1610.08892 0.45210745268879043
1619.01505 0.00025
1619.01505 0.00036895
1619.01505 0.0006188571145826484
1619.01505 0.0009109576726656584
1625.64979 0.0482163955113633
1627.87278 0.11331082496517518
1638.39489 0.0001396
1638.39489 0.0003455698127829509
1656.32695 0.06483190098960115
1663.88509 0.013436473175218027
1684.56452 3.704e-05
1684.56452 9.168987009656519e-05
1722.57182 0.013436473175218027
1722.57182 0.04620634760319886
1733.58413 0.00011538
1733.58413 0.00028561493552218387
1743.84405 0.00033618
1743.84405 0.0008317439619990795
1763.27751 0.04390914999386807
1766.64387 0.00063106
1766.64387 0.0015644707856649351
1783.17373 0.00083191
1783.17373 0.0020595564773310537
1786.59371 0.010222637848249103
1786.59371 0.03890075172450099
1810.27911 0.032343948236547536
1819.08345 0.001
1819.08345 0.0024754284583305935
1843.37207 0.032343948236547536
1854.99316 0.00067593
1854.99316 0.0008767800000000001
1854.99316 0.0016733896378314814
1854.99316 0.0021684753294976
1865.73187 0.01944634803539975
1871.06703 0.0035044012606400884
1895.64935 0.02593753938638796
1907.43274 0.00032407000000000003
1907.43274 0.0008020388204991123
1932.42134 0.0031014266750741108
1942.65095 0.011565201757320533
1945.31464 0.0035044012606400884
1963.29229 1.638e-05
1963.29229 4.054751814745512e-05
1989.65254 0.0
1991.10807 0.008470437217929058
1996.44323 0.0
