50.0 0.2045725565318757
52.22298 0.38565338600804727
57.55814 0.009967041961228643
57.55814 0.10965052453807762
60.22572 0.04017076999371948
62.4487 0.12338658592154153
72.67442 0.22015848212588193
72.67442 0.3747893734537037
78.00958 0.3281511094051794
78.00958 0.3865984362287833
82.90014 0.324190123031182
85.56772 0.5083909863277548
93.12585 0.3582129051752969
93.12585 0.4380161616360245
93.12585 0.45854924503933037
101.12859 0.5268423431013252
108.68673 0.38565338600804727
116.24487 0.4075665622078861
116.24487 0.5833724029168144
116.24487 0.6049107177416823
121.58003 0.4590113374464241
123.80301 0.42947429278739685
126.47059 0.6909317164382436
142.03146 0.5445620327991744
144.25445 0.42623959431256975
149.5896 0.39003711037208066
152.25718 0.3505944823364364
157.14774 0.5482656856549507
162.4829 0.39117524502063095
162.4829 0.6208090565369263
170.04104 0.36374020980820854
172.70862 0.3879405465458038
177.59918 0.3582129051752969
180.26676 0.3330650305006311
187.8249 0.5511493208856225
195.82763 0.510990516275703
200.71819 0.32429758177256435
208.27633 0.3549727610801418
216.27907 0.31781729358225413
218.50205 0.48383184375304444
218.50205 0.5161895761715996
221.16963 0.4786844024655796
226.50479 0.32982488640547597
238.95349 0.39441538911578605
241.62107 0.42395243377481323
246.95622 0.5010234743144745
251.84679 0.31115185430079223
251.84679 0.32982488640547597
251.84679 0.36050006571305343
257.18194 0.489442209290523
259.40492 0.45138746898723564
259.40492 0.4832062285636914
262.0725 0.4098482771253146
262.0725 0.4338406475692596
269.63064 0.2869515175631969
269.63064 0.3056245496678806
290.08208 0.28485495373692016
290.08208 0.3887668883461673
298.08482 0.32159059308323373
302.97538 0.31667915893370385
305.64295 0.39500566228774386
308.31053 0.40546999838160924
310.53352 0.3035279858416038
310.53352 0.36698035390336364
328.76197 0.27818951445545825
341.21067 0.2640853578059596
343.87825 0.33610373346138356
346.54583 0.2890834057693183
366.99726 0.258563498793376
374.5554 0.25180823639007066
379.89056 0.24313061078384737
379.89056 0.2795302445194202
418.12585 0.21453959849310433
425.68399 0.2299794376917473
459.02873 0.23372147171956467
469.25445 0.19936696515369798
471.92202 0.23436316205578067
484.81532 0.2544142978203002
487.0383 0.33675669494035887
502.59918 0.40870750375090587
502.59918 0.5161895761715996
512.8249 0.2837113734680418
512.8249 0.5781668115386366
515.49248 0.3286813061365977
520.38304 0.6531482281276961
538.16689 0.466347834883175
538.16689 0.5759983594212527
540.83447 0.22560115894804195
540.83447 0.25093963033418754
543.50205 0.28691495365193437
543.50205 0.3839989062808351
551.06019 0.21194006854515612
566.62107 0.1594922658265021
579.51436 0.17995316554634055
589.74008 0.20920984176078683
602.18878 0.13479019983871265
625.3078 0.19396755046273792
640.86867 0.13219066989076442
666.21067 0.1905422552764311
668.87825 0.15331083856048186
673.76881 0.2103534220296651
679.10397 0.10228301252479721
691.99726 0.2947659827338651
709.78112 0.20159141892192636
717.33926 0.13219066989076442
717.33926 0.1577650665222488
735.12312 0.16209832725673162
763.57729 0.15890864679112707
766.24487 0.1884456914501543
771.13543 0.12699160999486794
781.36115 0.14692569391732524
784.02873 0.2454123257012759
794.25445 0.18520554735499922
794.25445 0.2968625465601419
809.37073 0.2093340071149266
814.70588 0.13794845414868684
814.70588 0.31682261101790155
819.59644 0.36883280442370997
827.59918 0.16920226803856148
829.82216 0.4438142210127695
840.04788 0.47111581694850724
858.27633 0.12270616285063796
860.49932 0.3965720096722932
863.16689 0.2669808697294771
870.72503 0.2318741524676134
873.39261 0.31682261101790155
878.72777 0.15472428376116992
888.95349 0.11718430383805432
891.17647 0.13357017540498148
893.84405 0.12222362792953577
914.29549 0.19071097237128398
924.5212 0.12222362792953577
929.85636 0.13261719184758294
955.19836 0.08234892860233993
962.7565 0.11718430383805432
975.64979 0.17481263357604002
980.98495 0.06717629526293355
983.65253 0.12480272667691478
1008.99453 0.1663970852698222
1019.22025 0.06717629526293355
1026.77839 0.12594630694579306
1045.00684 0.11070401564774415
1047.22982 0.035106717261863665
1062.7907 0.12619176869028081
1090.80027 0.009967041961228643
1093.46785 0.12384974311951623
1116.58687 0.12619176869028081
1126.81259 0.032507187313915435
1141.92886 0.18275834831507984
1149.487 0.25008273476482223
1152.15458 0.12270616285063796
1154.82216 0.06977582521088177
1165.04788 0.124823157877484
1180.60876 0.4436265271735031
1180.60876 0.5025284559998633
1185.49932 0.3683564259847208
1190.83447 0.14952522386527348
1190.83447 0.5619002183934017
1205.76835 0.0
1205.76835 0.0
1205.95075 0.5188897190451209
1208.61833 0.1303300313098264
1218.84405 0.3842547647799648
1223.73461 0.13479019983871265
1223.73461 0.45157224191254286
1236.62791 0.25288791753356155
1244.18605 0.17481263357604002
1246.85363 0.12480272667691478
1249.5212 0.059808783249653136
1254.78796 0.00023362
1254.78796 0.000808390108232745
1267.30506 0.24447236922734372
1269.97264 0.20707223541654163
1271.31783 0.0006146700000000001
1271.31783 0.0021211603694654075
1274.8632 0.1303300313098264
1274.8632 0.33049336792390505
1282.86594 0.019934083922457286
1291.26767 0.00095085
1291.26767 0.003281925653081657
1297.98222 0.40856174256426214
1305.54036 0.48383184375304444
1323.76881 0.13585733594273802
1323.76881 0.4356808124344632
1328.65937 0.3066493143896213
1333.99453 0.012566571909176873
1340.28728 0.0008853299999999999
1340.28728 0.003060827503821419
1344.22025 0.1986566871103238
1356.66895 0.039874699327195846
1356.81715 0.00072507
1356.81715 0.002508082130670824
1372.77702 0.00055769
1372.77702 0.0019276994888626996
1377.56498 0.14137919495532167
1379.78796 0.11544087118250174
1385.88691 0.00038533
1385.88691 0.00133349821272581
1402.90698 0.0696251890654818
1405.83675 0.00020513
1405.83675 0.000711659667931391
1412.1067 5.769e-05
1412.1067 0.00019929925360661136
1418.46785 0.11946601875548286
1420.69083 0.029907657365967205
1438.91929 0.09641470790709383
1441.14227 0.0
1466.92886 0.025139675300635028
1482.04514 0.05887429155770273
1491.33607 3.276e-05
1491.33607 0.00011317461515258429
1492.27086 0.07335795143837678
1500.2736 0.032507187313915435
1535.84131 0.05653894235614147
1536.9357 0.00016453000000000003
1536.9357 0.00040171
1536.9357 0.0005683949765279211
1536.9357 0.0013887727500408696
1541.17647 0.051444775238538
1561.62791 0.032507187313915435
1563.15549 0.00044657999999999997
1563.15549 0.0015407777276572833
1589.63748 0.029531599038699227
1605.19836 0.11718430383805432
1605.19836 0.23550674232465896
1607.42134 0.027301595935737697
1610.08892 0.3056245496678806
1619.01505 0.00025
1619.01505 0.00036895
1619.01505 0.0008636646455478045
1619.01505 0.0012713143582463683
1625.64979 0.06728983986392055
1627.87278 0.07659809553353188
1638.39489 0.0001396
1638.39489 0.00048227033807389405
1656.32695 0.043826352399677554
1663.88509 0.019934083922457286
1684.56452 3.704e-05
1684.56452 0.0001279605538843627
1722.57182 0.019934083922457286
1722.57182 0.06448465709518127
1733.58413 0.00011538
1733.58413 0.0003985985072132227
1743.84405 0.00033618
1743.84405 0.0011607652836162492
1763.27751 0.061278733930907825
1766.64387 0.00063106
1766.64387 0.00218334422394485
1783.17373 0.00083191
1783.17373 0.002874275940383093
1786.59371 0.015166101857125105
1786.59371 0.02629690056387213
1810.27911 0.04513856903491045
1819.08345 0.001
1819.08345 0.003454658582191218
1843.37207 0.04513856903491045
1854.99316 0.00067593
1854.99316 0.0008767800000000001
1854.99316 0.0023353492015612634
1854.99316 0.003026280917999507
1865.73187 0.01314572747177207
1871.06703 0.005199059895896461
1895.64935 0.03619791262419958
1907.43274 0.00032407000000000003
1907.43274 0.0011193093806299546
1932.42134 0.0020965638262768213
1942.65095 0.01614016489599737
1945.31464 0.005199059895896461
1963.29229 1.638e-05
1963.29229 5.6587307576292146e-05
1989.65254 0.0
1991.10807 0.012566571909176873
1996.44323 0.0
