50.0 0.0808513340389728
52.22298 0.3938490504807235
57.55814 0.003939182521103173
57.55814 0.04333617048773268
60.22572 0.02781901467335231
62.4487 0.08544753423404293
72.67442 0.15246389465973478
72.67442 0.38275416272872126
78.00958 0.15279175191618402
78.00958 0.22725082265156427
82.90014 0.12812668704780866
85.56772 0.20092670373204963
93.12585 0.18122820974873485
93.12585 0.30333444018183175
93.12585 0.3658254217176463
101.12859 0.3648482435255912
108.68673 0.3938490504807235
116.24487 0.2305609208632845
116.24487 0.4162279117910277
116.24487 0.4189120630636386
121.58003 0.46876595920614783
123.80301 0.4386012117540877
126.47059 0.47848322451586367
142.03146 0.5561347244111375
144.25445 0.43529777149108556
149.5896 0.3983259350122331
152.25718 0.35804509692313446
157.14774 0.2166860151942612
162.4829 0.3994882565862524
162.4829 0.4299219620597487
170.04104 0.37147018917041935
172.70862 0.39618481632325026
177.59918 0.3658254217176463
180.26676 0.34014312014433995
187.8249 0.3816812833640593
195.82763 0.20195409209600707
200.71819 0.33118935108132064
208.27633 0.36251642010740004
216.27907 0.3245713478608281
218.50205 0.20400886882392194
218.50205 0.3350626627994787
221.16963 0.3314979627768355
226.50479 0.3368341185340937
238.95349 0.4027972581964987
241.62107 0.4329620056485588
246.95622 0.1980149095749039
251.84679 0.31776425883403575
251.84679 0.3368341185340937
251.84679 0.3681611875601731
257.18194 0.3389479465825475
259.40492 0.46098007306439187
259.40492 0.4934750250117346
262.0725 0.17146285753554133
262.0725 0.4185581162863103
269.63064 0.2930496316812048
269.63064 0.3121194913812627
290.08208 0.15364876934541485
290.08208 0.290908512992222
298.08482 0.1270992986838512
302.97538 0.3234090262868088
305.64295 0.2735488594557193
308.31053 0.4140867931020448
310.53352 0.30997837269227985
310.53352 0.3747791907806656
328.76197 0.28410142396542964
341.21067 0.26969753460318113
343.87825 0.2327581645657419
346.54583 0.11425178137878536
366.99726 0.2640583284976522
374.5554 0.09951985828053121
379.89056 0.19357995814238296
379.89056 0.24829747040784056
418.12585 0.08479051656007597
425.68399 0.2348668168133116
459.02873 0.1618565203569812
469.25445 0.07879397593325903
471.92202 0.23934370134482125
484.81532 0.10054982802228755
487.0383 0.13309325793286927
502.59918 0.1615297157654201
502.59918 0.20400886882392194
512.8249 0.22850356275757072
512.8249 0.2897406300709585
515.49248 0.3356662356128303
520.38304 0.2581377798888056
538.16689 0.1843103748406072
538.16689 0.2276465453283399
540.83447 0.23039549362904604
540.83447 0.2562724423558963
543.50205 0.11339476394955453
543.50205 0.15176436355222658
551.06019 0.08376312819611853
566.62107 0.06303466447104744
579.51436 0.1246209558251567
589.74008 0.21365583842427083
602.18878 0.05327189363565281
625.3078 0.19808962748800307
640.86867 0.052244505271695364
666.21067 0.19459154007145701
668.87825 0.10617064268782499
673.76881 0.2148237213455342
679.10397 0.04042437633058695
691.99726 0.30103016497650464
709.78112 0.205875513629759
717.33926 0.052244505271695364
717.33926 0.16111779100915066
735.12312 0.06406463421280377
763.57729 0.16228567393041404
766.24487 0.19245042138247415
771.13543 0.05018972854378047
781.36115 0.05806809358598682
784.02873 0.25062767490312327
794.25445 0.1891414197722279
794.25445 0.3031712836654875
809.37073 0.0827331584543622
814.70588 0.12521489289066293
814.70588 0.14088004838782936
819.59644 0.1457704043032085
827.59918 0.11717575685168985
829.82216 0.1754046214344434
840.04788 0.1861947806337955
858.27633 0.12531383745156163
860.49932 0.1567335158150861
863.16689 0.10551639890734818
870.72503 0.09164149323832488
873.39261 0.12521489289066293
878.72777 0.06115025867785916
888.95349 0.11967463134603268
891.17647 0.1364087252035638
893.84405 0.04830532275059219
914.29549 0.1320709396308687
924.5212 0.04830532275059219
929.85636 0.13543548943584433
955.19836 0.03254601128838061
962.7565 0.11967463134603268
975.64979 0.12106104063475867
980.98495 0.026549470661563653
983.65253 0.1274549561405445
1008.99453 0.11523311496015544
1019.22025 0.026549470661563653
1026.77839 0.1286228390618079
1045.00684 0.11305662812554015
1047.22982 0.0138749056690233
1062.7907 0.08739017612557734
1090.80027 0.003939182521103173
1093.46785 0.126481720372825
1116.58687 0.08739017612557734
1126.81259 0.012847517305065856
1141.92886 0.12656359771669112
1149.487 0.17318700311351684
1152.15458 0.12531383745156163
1154.82216 0.0275768590255211
1165.04788 0.049332711114549635
1180.60876 0.3072197239649006
1180.60876 0.34801041885487793
1185.49932 0.2550937614861424
1190.83447 0.05909548194994426
1190.83447 0.38912648233752617
1205.76835 0.0
1205.76835 0.0
1205.95075 0.35934090161141363
1208.61833 0.13309972359331754
1218.84405 0.2661036604822524
1223.73461 0.05327189363565281
1223.73461 0.31272228104683303
1236.62791 0.17512964500505127
1244.18605 0.12106104063475867
1246.85363 0.1274549561405445
1249.5212 0.023637676504417927
1254.78796 0.00023362
1254.78796 0.0005598253726835605
1267.30506 0.16930171933044802
1269.97264 0.14340142238740436
1271.31783 0.0006146700000000001
1271.31783 0.0014689434992637015
1274.8632 0.13309972359331754
1274.8632 0.22887288078267307
1282.86594 0.007878365042206346
1291.26767 0.00095085
1291.26767 0.0022727953164503522
1297.98222 0.2829367003207205
1305.54036 0.3350626627994787
1323.76881 0.1387444910460906
1323.76881 0.3017171668829681
1328.65937 0.21236042470463062
1333.99453 0.004966570885060619
1340.28728 0.0008853299999999999
1340.28728 0.002119680684605276
1344.22025 0.1375734967128011
1356.66895 0.015759311462211583
1356.81715 0.00072507
1356.81715 0.001736894104992585
1372.77702 0.00055769
1372.77702 0.0013349681963992597
1377.56498 0.14438369715161953
1379.78796 0.0799449771521105
1385.88691 0.00038533
1385.88691 0.000923472623315617
1402.90698 0.04821675453446358
1405.83675 0.00020513
1405.83675 0.0004928377212513397
1412.1067 5.769e-05
1412.1067 0.00013801848611160088
1418.46785 0.12200483584131534
1420.69083 0.011820128941108407
1438.91929 0.09846365295699191
1441.14227 0.0
1466.92886 0.009935723147920128
1482.04514 0.04077155556099674
1491.33607 3.276e-05
1491.33607 7.837555217569847e-05
1492.27086 0.07491690872542434
1500.2736 0.012847517305065856
1535.84131 0.039154282262133126
1536.9357 0.00016453000000000003
1536.9357 0.0003936242246479752
1536.9357 0.00040171
1536.9357 0.0009617512812768861
1541.17647 0.052538047415120165
1561.62791 0.012847517305065856
1563.15549 0.00044657999999999997
1563.15549 0.001067017590670376
1589.63748 0.03015918610481599
1605.19836 0.11967463134603268
1605.19836 0.24051158426608465
1607.42134 0.010790159199352074
1610.08892 0.3121194913812627
1619.01505 0.00025
1619.01505 0.00036895
1619.01505 0.0005981040306448296
1619.01505 0.0008804091331091892
1625.64979 0.04659948123559997
1627.87278 0.07822591033567061
1638.39489 0.0001396
1638.39489 0.00033398129071207286
1656.32695 0.04475772262060835
1663.88509 0.007878365042206346
1684.56452 3.704e-05
1684.56452 8.861509318033795e-05
1722.57182 0.007878365042206346
1722.57182 0.04465683934406556
1733.58413 0.00011538
1733.58413 0.00027603697222320175
1743.84405 0.00033618
1743.84405 0.000803851817186651
1763.27751 0.04243667718231195
1766.64387 0.00063106
1766.64387 0.0015120069894701293
1783.17373 0.00083191
1783.17373 0.0019904902139859927
1786.59371 0.005993959249018066
1786.59371 0.02685574584181383
1810.27911 0.03125930905762137
1819.08345 0.001
1819.08345 0.0023924161225793183
1843.37207 0.03125930905762137
1854.99316 0.00067593
1854.99316 0.0008767800000000001
1854.99316 0.0016172732988636192
1854.99316 0.002095756523379483
1865.73187 0.01342509224728486
1871.06703 0.0020547767279148928
1895.64935 0.0250677361323861
1907.43274 0.00032407000000000003
1907.43274 0.0007751428237156991
1932.42134 0.0021411186889828794
1942.65095 0.011177368124690576
1945.31464 0.0020547767279148928
1963.29229 1.638e-05
1963.29229 3.9187776087849235e-05
1989.65254 0.0
1991.10807 0.004966570885060619
1996.44323 0.0
