50.0 0.12099825257376297
52.22298 0.6149736644071413
57.55814 0.005895192791659344
57.55814 0.0648548470421868
60.22572 0.012748731704207216
62.4487 0.03915838506600146
72.67442 0.06987024200599566
72.67442 0.5976496064496406
78.00958 0.10414314818706871
78.00958 0.22866085277740272
82.90014 0.19174829240760913
85.56772 0.3006973272112637
93.12585 0.13901029349642527
93.12585 0.27121750008599993
93.12585 0.5712163069896745
101.12859 0.16720047147875894
108.68673 0.6149736644071413
116.24487 0.19197651542885136
116.24487 0.34504648399255416
116.24487 0.649917027425178
121.58003 0.7319523033773132
123.80301 0.6848517067048902
126.47059 0.21927643110091533
142.03146 0.8683738324561789
144.25445 0.6796935661401003
149.5896 0.6219640737584136
152.25718 0.5590677570736126
157.14774 0.32428196154486805
162.4829 0.19702206610848344
162.4829 0.6237789750682471
170.04104 0.5800303013891047
172.70862 0.6186208345034573
177.59918 0.5712163069896745
180.26676 0.5311148034068482
187.8249 0.17491461632488914
195.82763 0.30223486766413415
200.71819 0.5171339847043037
208.27633 0.5660494826865603
216.27907 0.5068003360980752
218.50205 0.15355051364272695
218.50205 0.3053099485698752
221.16963 0.15191690423102516
226.50479 0.5259479791037339
238.95349 0.6289457993713613
241.62107 0.6760463960437845
246.95622 0.29633967487247487
251.84679 0.4961714403888115
251.84679 0.5259479791037339
251.84679 0.5748634770859905
257.18194 0.1553310382632664
259.40492 0.7197950697229267
259.40492 0.7705341527533413
262.0725 0.2566031394497959
262.0725 0.6535555137831693
269.63064 0.4575809072744589
269.63064 0.4873574459893813
290.08208 0.2299434242104505
290.08208 0.4542376680195027
298.08482 0.1902107519547386
302.97538 0.5049854347882418
305.64295 0.12536033566039329
308.31053 0.6465737881702217
310.53352 0.484014206734425
310.53352 0.585197125692219
328.76197 0.44360877231023904
341.21067 0.42111789004962397
343.87825 0.10666701990904026
346.54583 0.17098376995992304
366.99726 0.41231257938851834
374.5554 0.14893667607918917
379.89056 0.08871266573049731
379.89056 0.3877028649767102
418.12585 0.12689344536542232
425.68399 0.36673163692289346
459.02873 0.07417463834850663
469.25445 0.11791930850105492
471.92202 0.3737220462741657
484.81532 0.1504780796990267
487.0383 0.199181025652139
502.59918 0.2417376729607362
502.59918 0.3053099485698752
512.8249 0.3419675399198461
512.8249 0.4524140829713446
515.49248 0.524124394055576
520.38304 0.38631669670113655
538.16689 0.2758301214446115
538.16689 0.3406849684867983
540.83447 0.35974991130994577
540.83447 0.4001553457341318
543.50205 0.16970119852687526
543.50205 0.2271233123245322
551.06019 0.1253559049125518
566.62107 0.09433467416745053
579.51436 0.0571105464802334
589.74008 0.3336118589530148
602.18878 0.07972417669821355
625.3078 0.3093060753825664
640.86867 0.07818663624534303
666.21067 0.303844003976417
668.87825 0.048655247296982104
673.76881 0.3354354440011728
679.10397 0.06049719470339798
691.99726 0.4700420717702051
709.78112 0.3214633090369529
717.33926 0.07818663624534303
717.33926 0.2515765830008796
735.12312 0.09587607778728807
763.57729 0.2534001680490376
766.24487 0.30050076472146076
771.13543 0.07511155533960198
781.36115 0.08690194092292067
784.02873 0.3913413513347016
794.25445 0.2953339404183465
794.25445 0.47338531102516135
809.37073 0.12381450129271426
814.70588 0.1873906400688203
814.70588 0.21997645923779924
819.59644 0.2181530386271318
827.59918 0.05369860521230315
829.82216 0.2625021954084223
840.04788 0.2786502333305298
858.27633 0.1956706756673508
860.49932 0.23455990873602908
863.16689 0.15791081294355658
870.72503 0.1371462904958705
873.39261 0.1873906400688203
878.72777 0.09151456228153224
888.95349 0.18686536500624515
891.17647 0.21299473362485158
893.84405 0.07229144345368368
914.29549 0.06052468051247464
924.5212 0.07229144345368368
929.85636 0.21147507941805324
955.19836 0.0487068091200793
962.7565 0.18686536500624515
975.64979 0.05547912983284259
980.98495 0.03973267225571189
983.65253 0.19901391492230708
1008.99453 0.052808342902033435
1019.22025 0.03973267225571189
1026.77839 0.20083749997046507
1045.00684 0.1765317164000166
1047.22982 0.02076452244768609
1062.7907 0.040048647376271174
1090.80027 0.005895192791659344
1093.46785 0.19749426071550877
1116.58687 0.040048647376271174
1126.81259 0.019226981994815567
1141.92886 0.058000808790503115
1149.487 0.07936710423697631
1152.15458 0.1956706756673508
1154.82216 0.041270212708582416
1165.04788 0.07382898390655421
1180.60876 0.1407908181169647
1180.60876 0.15948413386831772
1185.49932 0.11690284371283098
1190.83447 0.08843948137579119
1190.83447 0.1783265575928194
1205.76835 0.0
1205.76835 0.0
1205.95075 0.16467659975678742
1208.61833 0.20782790932173728
1218.84405 0.12194839439246304
1223.73461 0.07972417669821355
1223.73461 0.14331249707462523
1236.62791 0.08025736654724602
1244.18605 0.05547912983284259
1246.85363 0.19901391492230708
1249.5212 0.03537501991692307
1254.78796 0.00023362
1254.78796 0.00025655342438807093
1267.30506 0.07758657961643686
1269.97264 0.06571714640094432
1271.31783 0.0006146700000000001
1271.31783 0.00067317864347981
1274.8632 0.10488649528850082
1274.8632 0.20782790932173728
1282.86594 0.011790385583318687
1291.26767 0.00095085
1291.26767 0.0010415630477293477
1297.98222 0.12966253923859325
1305.54036 0.15355051364272695
1323.76881 0.13826913915930417
1323.76881 0.21664190372116754
1328.65937 0.09731926565120824
1333.99453 0.007432733244529867
1340.28728 0.0008853299999999999
1340.28728 0.0009713945897770549
1344.22025 0.06304635947013518
1356.66895 0.023584634333604387
1356.81715 0.00072507
1356.81715 0.0007959734448963226
1372.77702 0.00055769
1372.77702 0.0006117812427715538
1377.56498 0.2254472143822732
1379.78796 0.03663670610834093
1385.88691 0.00038533
1385.88691 0.0004232035120247666
1402.90698 0.022096485962039236
1405.83675 0.00020513
1405.83675 0.0002258547240339428
1412.1067 5.769e-05
1412.1067 6.325028655105902e-05
1418.46785 0.19050385136423653
1420.69083 0.01768944154194504
1438.91929 0.15374558703636648
1441.14227 0.0
1466.92886 0.014869329656026747
1482.04514 0.018684544694108993
1491.33607 3.276e-05
1491.33607 3.591747941432993e-05
1492.27086 0.11697863897017186
1500.2736 0.019226981994815567
1535.84131 0.0179433903569879
1536.9357 0.00016453000000000003
1536.9357 0.000180387756045168
1536.9357 0.00040171
1536.9357 0.0004407456265128398
1541.17647 0.08203527595213522
1561.62791 0.019226981994815567
1563.15549 0.00044657999999999997
1563.15549 0.0004889864413550412
1589.63748 0.04709191293409858
1605.19836 0.18686536500624515
1605.19836 0.3755456313223237
1607.42134 0.016148037922107505
1610.08892 0.4873574459893813
1619.01505 0.00025
1619.01505 0.00027409553887614414
1619.01505 0.00036895
1619.01505 0.0004034686332256842
1625.64979 0.021355331624918143
1627.87278 0.12214546327328614
1638.39489 0.0001396
1638.39489 0.0001530549489084389
1656.32695 0.06988672603607328
1663.88509 0.011790385583318687
1684.56452 3.704e-05
1684.56452 4.060999503988952e-05
1722.57182 0.011790385583318687
1722.57182 0.020465069314648428
1733.58413 0.00011538
1733.58413 0.00012650057310211805
1743.84405 0.00033618
1743.84405 0.00036838440424953774
1763.27751 0.01944762667434018
1766.64387 0.00063106
1766.64387 0.0006929135222788924
1783.17373 0.00083191
1783.17373 0.0009121899533798077
1786.59371 0.008970273697400392
1786.59371 0.04193377236930888
1810.27911 0.014325329243822798
1819.08345 0.001
1819.08345 0.0010963821555045766
1843.37207 0.014325329243822798
1854.99316 0.00067593
1854.99316 0.0007411543371210938
1854.99316 0.0008767800000000001
1854.99316 0.0009604307682220092
1865.73187 0.02096254431549216
1871.06703 0.003075080905741047
1895.64935 0.011487892225376954
1907.43274 0.00032407000000000003
1907.43274 0.0003552278183834828
1932.42134 0.003343239254956289
1942.65095 0.005122297430517382
1945.31464 0.003075080905741047
1963.29229 1.638e-05
1963.29229 1.7958739707164966e-05
1989.65254 0.0
1991.10807 0.007432733244529867
1996.44323 0.0
