50.0 0.16625768750493236
52.22298 0.35286552806243704
57.55814 0.00810029153387589
57.55814 0.08911382324423883
60.22572 0.01654129971578705
62.4487 0.050807452756196275
72.67442 0.09065565430750577
72.67442 0.34292516278638735
78.00958 0.135124267062537
78.00958 0.31419151762130665
82.90014 0.26347180228304706
85.56772 0.4131732582714926
93.12585 0.18036389671178535
93.12585 0.32775800895165297
93.12585 0.37266649241631117
101.12859 0.21694025535405545
108.68673 0.35286552806243704
116.24487 0.24908682320556522
116.24487 0.3729156683485643
116.24487 0.47411123127863236
121.58003 0.4199866612121439
123.80301 0.39296082599545545
126.47059 0.2845080790469049
142.03146 0.4982639236115125
144.25445 0.3900011382892031
149.5896 0.3568765526475097
152.25718 0.32078729666032785
157.14774 0.4455797325927982
162.4829 0.25563335410443455
162.4829 0.3579179242478578
170.04104 0.3328153877763098
172.70862 0.35495823654160535
177.59918 0.32775800895165297
180.26676 0.3047481809592733
187.8249 0.22694924957492557
195.82763 0.41528591622069483
200.71819 0.29672613178912793
208.27633 0.32479333860616444
216.27907 0.29079679109815093
218.50205 0.19922962743338563
218.50205 0.4195112321190993
221.16963 0.1971100422444862
226.50479 0.3017835106137848
238.95349 0.3608825945933463
241.62107 0.3879084298100347
246.95622 0.40718562468681896
251.84679 0.284698040673146
251.84679 0.3017835106137848
251.84679 0.3298507174308213
257.18194 0.2015398330352465
259.40492 0.4130109662815827
259.40492 0.44212452733820334
262.0725 0.3525856255272859
262.0725 0.37500339418849654
269.63064 0.26255519190785037
269.63064 0.2796406618484892
290.08208 0.2606368758019461
290.08208 0.31595383530757587
298.08482 0.26135914433384483
302.97538 0.28975541949780287
305.64295 0.16265326879111552
308.31053 0.37099735224266
310.53352 0.2777223457425848
310.53352 0.3357800581217983
328.76197 0.25453812537694115
341.21067 0.24163308975540299
343.87825 0.13839895505236688
346.54583 0.23494030359721293
366.99726 0.23658069356998226
374.5554 0.20464648722510956
379.89056 0.11510343354000631
379.89056 0.22245989397483198
418.12585 0.17435797903880823
425.68399 0.21042682021961395
459.02873 0.09624054789919652
469.25445 0.1620270634207259
471.92202 0.2144378448046866
484.81532 0.20676445336011381
487.0383 0.27368475176612517
502.59918 0.3321597265611297
502.59918 0.4195112321190993
512.8249 0.2595905215623619
512.8249 0.46988060719442587
515.49248 0.3007371563742006
520.38304 0.5308185802015656
538.16689 0.3790044662639178
538.16689 0.46811828950815665
540.83447 0.2064207782737774
540.83447 0.22960499863942108
543.50205 0.23317798591094374
543.50205 0.3120788596721044
551.06019 0.17224532108960602
566.62107 0.12962058909942029
579.51436 0.07410012918776639
589.74008 0.19142303417307088
602.18878 0.10954503039619709
625.3078 0.17747662695118463
640.86867 0.10743237244699486
666.21067 0.17434254687166822
668.87825 0.06312949765971773
673.76881 0.19246938841265507
679.10397 0.08312618965956517
691.99726 0.26970527921167564
709.78112 0.18445232188174582
717.33926 0.10743237244699486
717.33926 0.1443520413094913
735.12312 0.13173855523442454
763.57729 0.14539839554907547
766.24487 0.1724242307657639
771.13543 0.10320705654859039
781.36115 0.11940763961634218
784.02873 0.22454761981476423
794.25445 0.1694595604202754
794.25445 0.2716235953175799
809.37073 0.17012735495460177
814.70588 0.12622021712926834
814.70588 0.25748416869837343
819.59644 0.2997532522398241
827.59918 0.06967318347779654
829.82216 0.3606912252469638
840.04788 0.3828794418993893
858.27633 0.11227380990738212
860.49932 0.32229711734098454
863.16689 0.21697740284319195
870.72503 0.1884459041573578
873.39261 0.25748416869837343
878.72777 0.12574561346394886
888.95349 0.10722141372196137
891.17647 0.12221417518343179
893.84405 0.09933208091311896
914.29549 0.07852991997852668
924.5212 0.09933208091311896
929.85636 0.12134221331711163
955.19836 0.06692560659181339
962.7565 0.10722141372196137
975.64979 0.07198338907965741
980.98495 0.05459469097373102
983.65253 0.11419212601328643
1008.99453 0.0685180806768661
1019.22025 0.05459469097373102
1026.77839 0.11523848025287062
1045.00684 0.10129207303098438
1047.22982 0.02853149868583415
1062.7907 0.051962555557126706
1090.80027 0.00810029153387589
1093.46785 0.11332016414696629
1116.58687 0.051962555557126706
1126.81259 0.02641884073663192
1141.92886 0.07525523198869682
1149.487 0.10297769921102723
1152.15458 0.11227380990738212
1154.82216 0.05670734892293325
1165.04788 0.1014447388623212
1180.60876 0.18267410231364622
1180.60876 0.20692841605239487
1185.49932 0.1516797921822764
1190.83447 0.1215202975655444
1190.83447 0.23137619528489542
1205.76835 0.0
1205.76835 0.0
1205.95075 0.21366556736422557
1208.61833 0.11924950483794328
1218.84405 0.15822632308114568
1223.73461 0.10954503039619709
1223.73461 0.18594594522268562
1236.62791 0.10413280201195767
1244.18605 0.07198338907965741
1246.85363 0.11419212601328643
1249.5212 0.04860705738905736
1254.78796 0.00023362
1254.78796 0.00033287445248487876
1267.30506 0.10066749360916635
1269.97264 0.0852670712903574
1271.31783 0.0006146700000000001
1271.31783 0.000873439802673998
1274.8632 0.11924950483794328
1274.8632 0.136088749450506
1282.86594 0.01620058306775178
1291.26767 0.00095085
1291.26767 0.0013514133754727981
1297.98222 0.1682353173020158
1305.54036 0.19922962743338563
1323.76881 0.12430688366260015
1323.76881 0.1794022594046068
1328.65937 0.12627037564259733
1333.99453 0.010212949483078122
1340.28728 0.0008853299999999999
1340.28728 0.0012603707901777887
1344.22025 0.08180176288756609
1356.66895 0.03240647432130558
1356.81715 0.00072507
1356.81715 0.0010327643269402648
1372.77702 0.00055769
1372.77702 0.0007937775405408646
1377.56498 0.1293592798480209
1379.78796 0.04753560984715687
1385.88691 0.00038533
1385.88691 0.0005491005925605264
1402.90698 0.028669879125556606
1405.83675 0.00020513
1405.83675 0.00029304332141831204
1412.1067 5.769e-05
1412.1067 8.206635540107971e-05
1418.46785 0.10930913956189361
1420.69083 0.024306182787429687
1438.91929 0.0882176276754183
1441.14227 0.0
1466.92886 0.020431207151958262
1482.04514 0.024242933415586764
1491.33607 3.276e-05
1491.33607 4.660242334788302e-05
1492.27086 0.06712113314970684
1500.2736 0.02641884073663192
1535.84131 0.023281296108408227
1536.9357 0.00016453000000000003
1536.9357 0.00023405057122793631
1536.9357 0.00040171
1536.9357 0.0005718612388842789
1541.17647 0.04707099286357959
1561.62791 0.02641884073663192
1563.15549 0.00044657999999999997
1563.15549 0.000634453016274598
1589.63748 0.027020852577452324
1605.19836 0.10722141372196137
1605.19836 0.21548419904427082
1607.42134 0.02218821665242544
1610.08892 0.2796406618484892
1619.01505 0.00025
1619.01505 0.0003556350988086311
1619.01505 0.00036895
1619.01505 0.000523494865446305
1625.64979 0.027708241818378068
1627.87278 0.07008580349519536
1638.39489 0.0001396
1638.39489 0.00019858663917473964
1656.32695 0.040100280572254524
1663.88509 0.01620058306775178
1684.56452 3.704e-05
1684.56452 5.2690896239486785e-05
1722.57182 0.01620058306775178
1722.57182 0.026553139017447634
1733.58413 0.00011538
1733.58413 0.00016413271080215942
1743.84405 0.00033618
1743.84405 0.0004779735727988002
1763.27751 0.025233021530669995
1766.64387 0.00063106
1766.64387 0.0008990455297882195
1783.17373 0.00083191
1783.17373 0.0011835536088351242
1786.59371 0.012325607432280353
1786.59371 0.024061164871199938
1810.27911 0.018586912804134298
1819.08345 0.001
1819.08345 0.0014225403952345245
1843.37207 0.018586912804134298
1854.99316 0.00067593
1854.99316 0.0008767800000000001
1854.99316 0.0009616373071785386
1854.99316 0.0012461453862254435
1865.73187 0.012028091115981913
1871.06703 0.004225315898404462
1895.64935 0.014905378261267347
1907.43274 0.00032407000000000003
1907.43274 0.0004609030880559859
1932.42134 0.0019183161059043233
1942.65095 0.006646108726535698
1945.31464 0.004225315898404462
1963.29229 1.638e-05
1963.29229 2.330121167394151e-05
1989.65254 0.0
1991.10807 0.010212949483078122
1996.44323 0.0
