50.0 0.29891489519188413
52.22298 0.4237419624263131
57.55814 0.014563523835855024
57.55814 0.16021784938160824
60.22572 0.010684905413837776
62.4487 0.032819236477522364
72.67442 0.0585593096158457
72.67442 0.41180497920090053
78.00958 0.08728395213705045
78.00958 0.5648853052714672
82.90014 0.4736962684093474
85.56772 0.7428446951582225
93.12585 0.1165066354850784
93.12585 0.39359135667550915
93.12585 0.6700175323853459
101.12859 0.1401332512402037
108.68673 0.4237419624263131
116.24487 0.16089842947738173
116.24487 0.44781936618524065
116.24487 0.8524051497031869
121.58003 0.5043450205864801
123.80301 0.4718907864939298
126.47059 0.18377890288678667
142.03146 0.5983450238302054
144.25445 0.46833661705237833
149.5896 0.4285586398681463
152.25718 0.3852205097921245
157.14774 0.8011083340952442
162.4829 0.16512718203280669
162.4829 0.42980918096795145
170.04104 0.3996645586673857
172.70862 0.4262550115264
177.59918 0.39359135667550915
180.26676 0.3659597834750302
187.8249 0.14659859304376086
195.82763 0.7466430454116106
200.71819 0.35632642859136393
208.27633 0.3900312037837194
216.27907 0.34920612280778446
218.50205 0.12869301453550122
218.50205 0.7542397459183868
221.16963 0.12732386170899468
226.50479 0.36239963058324054
238.95349 0.4333693338597412
241.62107 0.46582356795229146
246.95622 0.7320795215757556
251.84679 0.34188237971610275
251.84679 0.36239963058324054
251.84679 0.39610440577559597
257.18194 0.13018529922694194
259.40492 0.4959681902528572
259.40492 0.5309294899952561
262.0725 0.45032643183508914
262.0725 0.6339141177909556
269.63064 0.3152919268570884
269.63064 0.3358091777242262
290.08208 0.31298829851534216
290.08208 0.5680537783471578
298.08482 0.46989791815595927
302.97538 0.34795558170797936
305.64295 0.10506639878037594
308.31053 0.44551573784349435
310.53352 0.3335055493824799
310.53352 0.40322471155917544
328.76197 0.30566455542366044
341.21067 0.2901674193064581
343.87825 0.08939924730927737
346.54583 0.42239945280140456
366.99726 0.28410020076481984
374.5554 0.36793416411777113
379.89056 0.07435143074090728
379.89056 0.2671431027894718
418.12585 0.31347841902773915
425.68399 0.2526930704639723
459.02873 0.06216688947951333
469.25445 0.2913086510915064
471.92202 0.2575097479058055
484.81532 0.37174205796476073
487.0383 0.4920581424985906
502.59918 0.5971903696124693
502.59918 0.7542397459183868
512.8249 0.31173177396529866
512.8249 0.8447989056028091
515.49248 0.3611431060331971
520.38304 0.9543593601477736
538.16689 0.6814125831455103
538.16689 0.8416304325271186
540.83447 0.24788237647237749
540.83447 0.27572337043119693
543.50205 0.419230979725714
543.50205 0.561086955018079
551.06019 0.30968006877435106
566.62107 0.2330450121544848
579.51436 0.04786521525686359
589.74008 0.22987219125508832
602.18878 0.19695114115369602
625.3078 0.21312451403808086
640.86867 0.19315279090030787
666.21067 0.20936092383818886
668.87825 0.040778700761549096
673.76881 0.23112871580513175
679.10397 0.14945267579914132
691.99726 0.3238781779490519
709.78112 0.22150134437170374
717.33926 0.17334653685384882
717.33926 0.19315279090030787
735.12312 0.23685290600147446
763.57729 0.17460306140389223
766.24487 0.20705729549644258
771.13543 0.1855560903935316
781.36115 0.21468313806524167
784.02873 0.2696501684393204
794.25445 0.20349714260465285
794.25445 0.3261818062907981
809.37073 0.3058721749273614
814.70588 0.15157276143666762
814.70588 0.4629310948268805
819.59644 0.5389267306754477
827.59918 0.045005615527945186
829.82216 0.6484871852204122
840.04788 0.6883794064745892
858.27633 0.1348250842196602
860.49932 0.5794583727009237
863.16689 0.39010393205400395
870.72503 0.3388071164460611
873.39261 0.4629310948268805
878.72777 0.22607818882540606
888.95349 0.1287578656780219
891.17647 0.14676206744507278
893.84405 0.17858926706445286
914.29549 0.05072665277481085
924.5212 0.17858926706445286
929.85636 0.14571496365336992
955.19836 0.12032562812743129
962.7565 0.1287578656780219
975.64979 0.0464979002193859
980.98495 0.09815586019119851
983.65253 0.13712871256140646
1008.99453 0.04425947318222483
1019.22025 0.09815586019119851
1026.77839 0.1383852371114499
1045.00684 0.12163755989444246
1047.22982 0.05129681560794283
1062.7907 0.03356537882324272
1090.80027 0.014563523835855024
1093.46785 0.1360816087697036
1116.58687 0.03356537882324272
1126.81259 0.047498465354554695
1141.92886 0.04861135760258394
1149.487 0.06651877389987243
1152.15458 0.1348250842196602
1154.82216 0.10195421044458665
1165.04788 0.182387617317841
1180.60876 0.11799892017651913
1180.60876 0.13366607164761768
1185.49932 0.09797804649603258
1190.83447 0.14945819277267927
1190.83447 0.2184814883186298
1205.76835 0.0
1205.76835 0.0
1205.95075 0.1380179560679768
1208.61833 0.14320191455328304
1218.84405 0.10220679905145753
1223.73461 0.12011237755971715
1223.73461 0.19695114115369602
1236.62791 0.06726491624559279
1244.18605 0.0464979002193859
1246.85363 0.13712871256140646
1249.5212 0.08739068660873163
1254.78796 0.0002150213163775404
1254.78796 0.00023362
1267.30506 0.06502648920843172
1269.97264 0.05507853719516997
1271.31783 0.000564201231862435
1271.31783 0.0006146700000000001
1274.8632 0.08790696261783666
1274.8632 0.14320191455328304
1282.86594 0.02912704767171005
1291.26767 0.0008729497887122366
1291.26767 0.00095085
1297.98222 0.10867214085501468
1305.54036 0.12869301453550122
1323.76881 0.11588546279332106
1323.76881 0.14927511654515965
1328.65937 0.08156475267921366
1333.99453 0.018361874089243165
1340.28728 0.0008141405397884649
1340.28728 0.0008853299999999999
1344.22025 0.0528401101580089
1356.66895 0.05826363893702158
1356.81715 0.0006671174174790356
1356.81715 0.00072507
1372.77702 0.0005127431390541348
1372.77702 0.00055769
1377.56498 0.15534233508679793
1379.78796 0.030705779094324318
1385.88691 0.00035469328257149826
1385.88691 0.00038533
1402.90698 0.018519400043901492
1405.83675 0.00018929226997339027
1405.83675 0.00020513
1412.1067 5.301102453769361e-05
1412.1067 5.769e-05
1418.46785 0.13126493132787045
1420.69083 0.04370011510116655
1438.91929 0.10593698646913786
1441.14227 0.0
1466.92886 0.036733291772087805
1482.04514 0.01565980031498309
1491.33607 3.0102984292855654e-05
1491.33607 3.276e-05
1492.27086 0.08060305816016697
1500.2736 0.047498465354554695
1535.84131 0.015038627623225753
1536.9357 0.00015118571445981504
1536.9357 0.00016453000000000003
1536.9357 0.0003693955948024412
1536.9357 0.00040171
1541.17647 0.0565256544012395
1561.62791 0.047498465354554695
1563.15549 0.0004098269534375343
1563.15549 0.00044657999999999997
1589.63748 0.032448250642312035
1605.19836 0.1287578656780219
1605.19836 0.25876627245584893
1607.42134 0.039892221254176935
1610.08892 0.3358091777242262
1619.01505 0.00022972362860848334
1619.01505 0.00025
1619.01505 0.00033815318131168745
1619.01505 0.00036895
1625.64979 0.017898227352144153
1627.87278 0.08416321105195669
1638.39489 0.0001282776742149771
1638.39489 0.0001396
1656.32695 0.048154807517854926
1663.88509 0.02912704767171005
1684.56452 3.403585281463289e-05
1684.56452 3.704e-05
1722.57182 0.0171520850064238
1722.57182 0.02912704767171005
1733.58413 0.00010602204907538722
1733.58413 0.00011538
1743.84405 0.0003087485568498016
1743.84405 0.00033618
1763.27751 0.01629935089702911
1766.64387 0.0005807413331222459
1766.64387 0.00063106
1783.17373 0.0007645202360090325
1783.17373 0.00083191
1786.59371 0.022160224342631304
1786.59371 0.02889408120076062
1810.27911 0.012006275725593773
1819.08345 0.0009188945144339333
1819.08345 0.001
1843.37207 0.012006275725593773
1854.99316 0.0006211726917573389
1854.99316 0.00067593
1854.99316 0.0008049515946441256
1854.99316 0.0008767800000000001
1865.73187 0.01444404887526116
1871.06703 0.007596700506776278
1895.64935 0.009628176722238754
1907.43274 0.00029772182267659436
1907.43274 0.00032407000000000003
1932.42134 0.002303628341746291
1942.65095 0.004293075171435336
1945.31464 0.007596700506776278
1963.29229 1.5051492146427827e-05
1963.29229 1.638e-05
1989.65254 0.0
1991.10807 0.018361874089243165
1996.44323 0.0
