50.0 0.20864941744203788
52.22298 0.16267642419809902
57.55814 0.01016567194586858
57.55814 0.11183571469675081
60.22572 0.008785674886471426
62.4487 0.02698565223987044
72.67442 0.04815045486455548
72.67442 0.15809376324164373
78.00958 0.0717693228514059
78.00958 0.39430283255305454
82.90014 0.3306508040846573
85.56772 0.5185225473463779
93.12585 0.09579770543994774
93.12585 0.1511014725391626
93.12585 0.4676875259709368
101.12859 0.11522471547442945
108.68673 0.16267642419809902
116.24487 0.132298905454175
116.24487 0.17191984659848808
116.24487 0.5949982445538297
121.58003 0.19362029675168765
123.80301 0.18116097192571598
126.47059 0.15111239914811536
142.03146 0.2297073161130474
144.25445 0.17979651046800446
149.5896 0.16452556809280908
152.25718 0.14788786718674105
157.14774 0.5591918967759505
162.4829 0.13577600175857313
162.4829 0.16500565638348536
170.04104 0.15343300179771002
172.70862 0.16364119492577384
177.59918 0.1511014725391626
180.26676 0.14049358868106207
187.8249 0.12054084967646014
195.82763 0.5211738824934655
200.71819 0.136795300891642
208.27633 0.14973471400828994
216.27907 0.13406178382989672
218.50205 0.10581796862745926
218.50205 0.5264765527876407
221.16963 0.1046921812538058
226.50479 0.13912683015018942
238.95349 0.16637241491435797
241.62107 0.17883173974032965
246.95622 0.5110082105475969
251.84679 0.13125016628067301
251.84679 0.13912683015018942
251.84679 0.15206624326683738
257.18194 0.10704500130854196
259.40492 0.19040439432610498
259.40492 0.20382619280659034
262.0725 0.17288232025300174
262.0725 0.44248651878140804
269.63064 0.12104197315260919
269.63064 0.12891863702212558
290.08208 0.12015759998557397
290.08208 0.3965144990576603
298.08482 0.32799946893756965
302.97538 0.13358169553922045
305.64295 0.08639095859297755
308.31053 0.17103547343145284
310.53352 0.12803426385509037
310.53352 0.15479976032858264
328.76197 0.11734598243635028
341.21067 0.11139656294902234
343.87825 0.07350862656560071
346.54583 0.2948444563067781
366.99726 0.10906733076363603
374.5554 0.25682644202429317
379.89056 0.06113554332335303
379.89056 0.10255742542499227
418.12585 0.21881508938790645
425.68399 0.09700999374086217
459.02873 0.05111679125983298
469.25445 0.20334008550176447
471.92202 0.0988591376355722
484.81532 0.25948443881747896
487.0383 0.34346781117761344
502.59918 0.4168525045954957
502.59918 0.5264765527876407
512.8249 0.11967521462173655
512.8249 0.5896889126135562
515.49248 0.13864444478635202
520.38304 0.6661646098210079
538.16689 0.4756415314121996
538.16689 0.5874772461089505
540.83447 0.09516314691931327
540.83447 0.10585142833805337
543.50205 0.29263278980217233
543.50205 0.39165149740596694
551.06019 0.21616375424081885
566.62107 0.1626707360721919
579.51436 0.03935722435812665
589.74008 0.08824895670431056
602.18878 0.1374763905287614
625.3078 0.08181944892630635
640.86867 0.13482505538167378
666.21067 0.08037458990795528
668.87825 0.03353033024697532
673.76881 0.08873134206814795
679.10397 0.10432137789796983
691.99726 0.12433827313883143
709.78112 0.08503535135188903
717.33926 0.06654850655111097
717.33926 0.13482505538167378
735.12312 0.16532873286537775
763.57729 0.06703089191494836
766.24487 0.07949021674092006
771.13543 0.12952238508749855
781.36115 0.14985372897923574
784.02873 0.10351989907950594
794.25445 0.07812345821004742
794.25445 0.12522264630586666
809.37073 0.21350575744763303
814.70588 0.05818945731775717
814.70588 0.3231364672858763
819.59644 0.37618315516592316
827.59918 0.03700591542738197
829.82216 0.45265885237337483
840.04788 0.480504533063893
858.27633 0.05175994953975297
860.49932 0.4044751661450213
863.16689 0.2723014459104352
870.72503 0.236495098132556
873.39261 0.3231364672858763
878.72777 0.15780773442049856
888.95349 0.04943071735436667
891.17647 0.05634261049620826
893.84405 0.1246593834358052
914.29549 0.0417100444128628
924.5212 0.1246593834358052
929.85636 0.05594062269301043
955.19836 0.08399003400623267
962.7565 0.04943071735436667
975.64979 0.03823294810846467
980.98495 0.06851503012009066
983.65253 0.052644322706788205
1008.99453 0.036392399086840624
1019.22025 0.06851503012009066
1026.77839 0.053126708070625604
1045.00684 0.04669720029262141
1047.22982 0.03580634777787917
1062.7907 0.02759916858041179
1090.80027 0.01016567194586858
1093.46785 0.05224233490359037
1116.58687 0.02759916858041179
1126.81259 0.03315501263079156
1141.92886 0.039970740698667996
1149.487 0.054695132871660355
1152.15458 0.05175994953975297
1154.82216 0.07116636526717827
1165.04788 0.1273107185828928
1180.60876 0.09702473812103043
1180.60876 0.10990707014840725
1185.49932 0.08056255335783474
1190.83447 0.12289215860720482
1190.83447 0.15250506412632334
1205.76835 0.0
1205.76835 0.0
1205.95075 0.11348541176023463
1208.61833 0.05497585196533563
1218.84405 0.08403964966223287
1223.73461 0.09876253071123375
1223.73461 0.1374763905287614
1236.62791 0.0553086492122017
1244.18605 0.03823294810846467
1246.85363 0.052644322706788205
1249.5212 0.06100069332130969
1254.78796 0.00017680150700329498
1254.78796 0.00023362
1267.30506 0.053468100190577655
1269.97264 0.04528838602469018
1271.31783 0.00046391506538471416
1271.31783 0.0006146700000000001
1274.8632 0.05497585196533563
1274.8632 0.07228159388451802
1282.86594 0.02033134389173716
1291.26767 0.000717783895953548
1291.26767 0.00095085
1297.98222 0.08935578386426357
1305.54036 0.10581796862745926
1323.76881 0.05730738122388307
1323.76881 0.0952869455308271
1328.65937 0.06706670498991656
1333.99453 0.012817007092956191
1340.28728 0.000669427928226151
1340.28728 0.0008853299999999999
1344.22025 0.04344783700306613
1356.66895 0.04066934942957253
1356.81715 0.0005485380089076588
1356.81715 0.00072507
1372.77702 0.00042160359362324187
1372.77702 0.00055769
1377.56498 0.059636613409269366
1379.78796 0.025247859649667116
1385.88691 0.00029164693035586267
1385.88691 0.00038533
1402.90698 0.015227596462155584
1405.83675 0.00015564577112255884
1405.83675 0.00020513
1412.1067 4.358837153427388e-05
1412.1067 5.769e-05
1418.46785 0.05039319100888034
1420.69083 0.03050367748370395
1438.91929 0.040669680317815045
1441.14227 0.0
1466.92886 0.025640675832010597
1482.04514 0.012876287531410908
1491.33607 2.4752210980461295e-05
1491.33607 3.276e-05
1492.27086 0.030943872553588613
1500.2736 0.03315501263079156
1535.84131 0.01236552762229028
1536.9357 0.00012431261515919709
1536.9357 0.00016453000000000003
1536.9357 0.0003037359222877119
1536.9357 0.00040171
1541.17647 0.021700450153199588
1561.62791 0.03315501263079156
1563.15549 0.0003369806501002973
1563.15549 0.00044657999999999997
1589.63748 0.012457027752810561
1605.19836 0.04943071735436667
1605.19836 0.09934152299940961
1607.42134 0.027845680690518126
1610.08892 0.12891863702212558
1619.01505 0.00018889049893514422
1619.01505 0.00025
1619.01505 0.00027804681443253227
1619.01505 0.00036895
1625.64979 0.014716836553034955
1627.87278 0.03231063108446125
1638.39489 0.00010547645460538454
1638.39489 0.0001396
1656.32695 0.018486844800778054
1663.88509 0.02033134389173716
1684.56452 2.7986016322230964e-05
1684.56452 3.704e-05
1722.57182 0.014103320212493607
1722.57182 0.02033134389173716
1733.58413 8.717674306854775e-05
1733.58413 0.00011538
1743.84405 0.0002538688305688338
1743.84405 0.00033618
1763.27751 0.013402158680446353
1766.64387 0.00047751518130804456
1766.64387 0.00063106
1783.17373 0.0006286275804561599
1783.17373 0.00083191
1786.59371 0.01109256629509906
1786.59371 0.015468342240043804
1810.27911 0.009872173036346377
1819.08345 0.0007555619957405769
1819.08345 0.001
1843.37207 0.009872173036346377
1854.99316 0.00051075990912063
1854.99316 0.0006618723082687454
1854.99316 0.00067593
1854.99316 0.0008767800000000001
1865.73187 0.005545134610968965
1871.06703 0.005302670294175223
1895.64935 0.007916778591369763
1907.43274 0.00024480208661994686
1907.43274 0.00032407000000000003
1932.42134 0.0008843731670352325
1942.65095 0.0035299856440999746
1945.31464 0.005302670294175223
1963.29229 1.2376105490230647e-05
1963.29229 1.638e-05
1989.65254 0.0
1991.10807 0.012817007092956191
1996.44323 0.0
