50.0 0.2308375126766583
52.22298 0.4462732074541083
57.55814 0.011246704905481325
57.55814 0.12372849407157306
60.22572 0.0018829819477931564
62.4487 0.005783675889867593
72.67442 0.010319803368503806
72.67442 0.433701509903014
78.00958 0.015381896220930197
78.00958 0.4362335932866577
82.90014 0.3658127116537127
85.56772 0.5736630207915793
93.12585 0.020531757925756306
93.12585 0.4145194310330737
93.12585 0.5174221262085333
101.12859 0.02469543455472583
108.68673 0.4462732074541083
116.24487 0.028354845120277063
116.24487 0.471630857050902
116.24487 0.6582712595300626
121.58003 0.5311620985372116
123.80301 0.4969822050449132
126.47059 0.032387030405799044
142.03146 0.63016027825034
144.25445 0.49323905299210613
149.5896 0.45134599769402356
152.25718 0.4057034887403514
157.14774 0.6186572104691438
162.4829 0.0291000706899145
162.4829 0.4526630326755668
170.04104 0.42091555785731466
172.70862 0.4489198806227597
177.59918 0.4145194310330737
180.26676 0.385418629383473
187.8249 0.02583481028440184
195.82763 0.5765963029359971
200.71819 0.37527304890364255
208.27633 0.41076997737748416
216.27907 0.36777414159246347
218.50205 0.02267934191196484
218.50205 0.5824628672248326
221.16963 0.022438058535441636
226.50479 0.3816691757278835
238.95349 0.45641248633115633
241.62107 0.4905923798234547
246.95622 0.5653495980305158
251.84679 0.3600609797866793
251.84679 0.3816691757278835
251.84679 0.4171661042017251
257.18194 0.022942324598859927
259.40492 0.5223398546417068
259.40492 0.5591601196998742
262.0725 0.4742712286167709
262.0725 0.48954120572528576
269.63064 0.33205665702123416
269.63064 0.3536648529624383
290.08208 0.32963053994997044
290.08208 0.4386804517588856
298.08482 0.36287942950929486
302.97538 0.36645710661092024
305.64295 0.018515665282995312
308.31053 0.4692047399796382
310.53352 0.35123873589117455
310.53352 0.4246650115129042
328.76197 0.32191737814418625
341.21067 0.3055962269375024
343.87825 0.015754670940900946
346.54583 0.3261986625927939
366.99726 0.29920640171604396
374.5554 0.2841377550596471
379.89056 0.013102820891274118
379.89056 0.28134765943042933
418.12585 0.24208421758213963
425.68399 0.2661292887106836
459.02873 0.010955560775369643
469.25445 0.22496357833218347
471.92202 0.27120207895059883
484.81532 0.2870784072597042
487.0383 0.37999269870361185
502.59918 0.4611812316254875
502.59918 0.5824628672248326
512.8249 0.3283072033656446
512.8249 0.6523973251855878
515.49248 0.3803458391435578
520.38304 0.7370055639240711
538.16689 0.5262219726417867
538.16689 0.6499504667133599
540.83447 0.26106280007355087
540.83447 0.29038415782053917
543.50205 0.323751804120566
543.50205 0.4333003111422399
551.06019 0.23915093543772184
566.62107 0.17996938865461892
579.51436 0.008435202069190361
589.74008 0.24209497569821564
602.18878 0.15209583822701056
625.3078 0.22445678950998862
640.86867 0.14916255608259274
666.21067 0.22049308135979398
668.87825 0.00718635817674275
673.76881 0.24341831228254135
679.10397 0.11541507131050953
691.99726 0.3410994570141266
709.78112 0.23327903340549339
717.33926 0.14916255608259274
717.33926 0.18256373421190603
735.12312 0.182910040854676
763.57729 0.18388707079623173
766.24487 0.21806696428853017
771.13543 0.14329599179375715
781.36115 0.1657894016047198
784.02873 0.28398803099629827
794.25445 0.21431751063294066
794.25445 0.34352557408539036
809.37073 0.2362102832376648
814.70588 0.15963220168637612
814.70588 0.3574992888926492
819.59644 0.41618704194792294
827.59918 0.007931259876076128
829.82216 0.5007952806864063
840.04788 0.5316021132584325
858.27633 0.14199401549814913
860.49932 0.44748766824777825
863.16689 0.30125839430960333
870.72503 0.26164434524868446
873.39261 0.3574992888926492
878.72777 0.1745892480379732
888.95349 0.13560419027669066
891.17647 0.1545657130492434
893.84405 0.13791585117711141
914.29549 0.008939468132608652
924.5212 0.13791585117711141
929.85636 0.1534629325623053
955.19836 0.09292166149954689
962.7565 0.13560419027669066
975.64979 0.008194242562971217
980.98495 0.07580102224959072
983.65253 0.14442013256941294
1008.99453 0.007799768532628583
1019.22025 0.07580102224959072
1026.77839 0.14574346915373865
1045.00684 0.12810528296551163
1047.22982 0.039614049060918824
1062.7907 0.005915167233315137
1090.80027 0.011246704905481325
1093.46785 0.14331735208247484
1116.58687 0.005915167233315137
1126.81259 0.036680766916501024
1141.92886 0.008566693412637907
1149.487 0.011722485655378964
1152.15458 0.14199401549814913
1154.82216 0.07873430439400851
1165.04788 0.14084913332152924
1180.60876 0.020794740612651394
1180.60876 0.02355573495474576
1185.49932 0.017266497520243645
1190.83447 0.026338752477516075
1190.83447 0.1687226837491376
1205.76835 0.0
1205.76835 0.0
1205.95075 0.02432265983475508
1208.61833 0.15081625939365387
1218.84405 0.01801172308988108
1223.73461 0.02116719146231808
1223.73461 0.15209583822701056
1236.62791 0.011853976998826508
1244.18605 0.008194242562971217
1246.85363 0.14442013256941294
1249.5212 0.06748759948852719
1254.78796 3.789282557478488e-05
1254.78796 0.00023362
1267.30506 0.011459502968483875
1269.97264 0.009706393012617975
1271.31783 9.942818334580306e-05
1271.31783 0.0006146700000000001
1274.8632 0.015491688254005856
1274.8632 0.15081625939365387
1282.86594 0.02249340981096265
1291.26767 0.00015383839442754545
1291.26767 0.00095085
1297.98222 0.01915109881955709
1305.54036 0.02267934191196484
1323.76881 0.020422289762984703
1323.76881 0.15721238621789485
1328.65937 0.014374011834701732
1333.99453 0.014179987049899128
1340.28728 0.00014347454469768977
1340.28728 0.0008853299999999999
1344.22025 0.009311918982275342
1356.66895 0.04499418967756454
1356.81715 0.00011756492037305053
1356.81715 0.00072507
1372.77702 9.035981483217933e-05
1372.77702 0.00055769
1377.56498 0.1636022114393533
1379.78796 0.005411225040200905
1385.88691 6.250696868319216e-05
1385.88691 0.00038533
1402.90698 0.0032636410539923695
1405.83675 3.335864131797302e-05
1405.83675 0.00020513
1412.1067 9.342038920552734e-06
1412.1067 5.769e-05
1418.46785 0.1382445618425596
1420.69083 0.03374748477208322
1438.91929 0.11156987726422271
1441.14227 0.0
1466.92886 0.0283673441554375
1482.04514 0.0027596988608781362
1491.33607 5.3049955804698836e-06
1491.33607 3.276e-05
1492.27086 0.08488889108310331
1500.2736 0.036680766916501024
1535.84131 0.0026502306981065356
1536.9357 2.6643190563330583e-05
1536.9357 6.509793111565608e-05
1536.9357 0.00016453000000000003
1536.9357 0.00040171
1541.17647 0.05953124148630962
1561.62791 0.036680766916501024
1563.15549 7.222307780493188e-05
1563.15549 0.00044657999999999997
1589.63748 0.03417359188951594
1605.19836 0.13560419027669066
1605.19836 0.2725254155349246
1607.42134 0.030806832572026172
1610.08892 0.3536648529624383
1619.01505 4.048378800724881e-05
1619.01505 5.959213594667024e-05
1619.01505 0.00025
1619.01505 0.00036895
1625.64979 0.0031541728912207693
1627.87278 0.08863834473869284
1638.39489 2.2606147223247736e-05
1638.39489 0.0001396
1656.32695 0.05071529919358737
1663.88509 0.02249340981096265
1684.56452 5.998078031153983e-06
1684.56452 3.704e-05
1722.57182 0.0030226815477732245
1722.57182 0.02249340981096265
1733.58413 1.8684077841105468e-05
1733.58413 0.00011538
1743.84405 5.44102110817424e-05
1743.84405 0.00033618
1763.27751 0.0028724057266903175
1766.64387 0.00010234301608232499
1766.64387 0.00063106
1783.17373 0.000134730046488124
1783.17373 0.00083191
1786.59371 0.01711326919431693
1786.59371 0.03043043983670892
1810.27911 0.0021158446964108517
1819.08345 0.00016193515202899523
1819.08345 0.001
1843.37207 0.0021158446964108517
1854.99316 0.00010946816277160078
1854.99316 0.00014185519317739983
1854.99316 0.00067593
1854.99316 0.0008767800000000001
1865.73187 0.01521206911696321
1871.06703 0.005866564288835606
1895.64935 0.001696756522959812
1907.43274 5.246698925739445e-05
1907.43274 0.00032407000000000003
1932.42134 0.0024261170712638093
1942.65095 0.0007565610302794657
1945.31464 0.005866564288835606
1963.29229 2.6524977902349418e-06
1963.29229 1.638e-05
1989.65254 0.0
1991.10807 0.014179987049899128
1996.44323 0.0
