50.0 0.2816951881114764
52.22298 0.5978574965644339
57.55814 0.013724557231828902
57.55814 0.150988117174275
60.22572 0.031576094359963454
62.4487 0.09698759770901744
72.67442 0.17305481091948322
72.67442 0.5810156080084525
78.00958 0.25794204085519506
78.00958 0.5323437369278852
82.90014 0.44640786251758036
85.56772 0.7000513507561378
93.12585 0.3443010839267085
93.12585 0.5553180096303035
93.12585 0.6314195707849147
101.12859 0.41412259563838555
108.68673 0.5978574965644339
116.24487 0.47548797062518067
116.24487 0.6318283033560476
116.24487 0.803300313417603
121.58003 0.7115803440519654
123.80301 0.6657906680982596
126.47059 0.5431044781555462
142.03146 0.8442049401494428
144.25445 0.6607760907537719
149.5896 0.6046533463326369
152.25718 0.5435075825176128
157.14774 0.754958573495532
162.4829 0.4879848046675398
162.4829 0.6064177346575492
170.04104 0.5638866897728203
172.70862 0.6014031573130615
177.59918 0.5553180096303035
180.26676 0.5163326254942022
187.8249 0.43322901117989765
195.82763 0.7036308879633907
200.71819 0.5027409259577962
208.27633 0.5502949902364144
216.27907 0.49269488717001786
218.50205 0.3803143418732028
218.50205 0.7107899623778964
221.16963 0.37626821351094397
226.50479 0.5113096061003131
238.95349 0.6114407540514385
241.62107 0.6572304300051443
246.95622 0.6899063307315618
251.84679 0.48236181870258865
251.84679 0.5113096061003131
251.84679 0.5588636703789311
257.18194 0.3847243502358258
259.40492 0.6997614748898732
259.40492 0.749088369542805
262.0725 0.5973959796918553
262.0725 0.6353655220552736
269.63064 0.44484535116234736
269.63064 0.47379313856007177
290.08208 0.44159516214277206
290.08208 0.5353296825379553
298.08482 0.4428283253103274
302.97538 0.4909304988451055
305.64295 0.31049283016152573
308.31053 0.6285781143364721
310.53352 0.4705429495404964
310.53352 0.5689097091667096
328.76197 0.4312620936753429
341.21067 0.4093971857254723
343.87825 0.2641931733987654
346.54583 0.39806612259550933
366.99726 0.40083694763235694
374.5554 0.34673843706336804
379.89056 0.21972377872738932
379.89056 0.3769121796285217
418.12585 0.29541974534330534
425.68399 0.3565246303239127
459.02873 0.18371595182567663
469.25445 0.27452711988489215
471.92202 0.3633204800921157
484.81532 0.3503269680826995
487.0383 0.4637119569566621
502.59918 0.5627877908136918
502.59918 0.7107899623778964
512.8249 0.43982233176845814
512.8249 0.7961322451910187
515.49248 0.5095367757259992
520.38304 0.8993812078524838
538.16689 0.6421581824066733
538.16689 0.7931462995809484
540.83447 0.34973722260511114
540.83447 0.38901807847026476
543.50205 0.39508017698543907
543.50205 0.5287641997206323
551.06019 0.29184020813605244
566.62107 0.219619897145498
579.51436 0.141451561335612
589.74008 0.32432665390661297
602.18878 0.18560529986451707
625.3078 0.30069735763183003
640.86867 0.18202576265726417
666.21067 0.29538730855829004
668.87825 0.12050945265793414
673.76881 0.3260994842809268
679.10397 0.14084309714969895
691.99726 0.45695969205349196
709.78112 0.31251622679392227
717.33926 0.18202576265726417
717.33926 0.2445746132106951
735.12312 0.22320842816482944
763.57729 0.24634744358500893
766.24487 0.2921371195387147
771.13543 0.17486668824275842
781.36115 0.20231580270641622
784.02873 0.3804493983277479
794.25445 0.2871141001448255
794.25445 0.4602098810730672
809.37073 0.28825167711672106
814.70588 0.21385399543865685
814.70588 0.4362628424930043
819.59644 0.5078805680742976
827.59918 0.1330008556555117
829.82216 0.6111295307357627
840.04788 0.6487236652239966
858.27633 0.19022469916387394
860.49932 0.5460772879717926
863.16689 0.3676310625217813
870.72503 0.31928932259971027
873.39261 0.4362628424930043
878.72777 0.21305441432817487
888.95349 0.1816644610707586
891.17647 0.20706658771985534
893.84405 0.16830120542543528
914.29549 0.14990769806049387
924.5212 0.16830120542543528
929.85636 0.20558922907459382
955.19836 0.11339398268604114
962.7565 0.1816644610707586
975.64979 0.13741086401813474
980.98495 0.09250135722762795
983.65253 0.1934748881834493
1008.99453 0.13079585147420017
1019.22025 0.09250135722762795
1026.77839 0.19524771855776316
1045.00684 0.17161842228298022
1047.22982 0.048341739922071005
1062.7907 0.09919260189032895
1090.80027 0.013724557231828902
1093.46785 0.19199752953818777
1116.58687 0.09919260189032895
1126.81259 0.044762202714818115
1141.92886 0.14365656551692355
1149.487 0.19657666586839995
1152.15458 0.19022469916387394
1154.82216 0.09608089443488084
1165.04788 0.17188074263268818
1180.60876 0.34871109228933156
1180.60876 0.3950107490520918
1185.49932 0.28954529043906635
1190.83447 0.2058953399136691
1190.83447 0.44167971685999796
1205.76835 0.0
1205.76835 0.0
1205.95075 0.4078714630948152
1208.61833 0.20204356832596615
1218.84405 0.3020421244814254
1223.73461 0.18560529986451707
1223.73461 0.35495679378812034
1236.62791 0.19878167004971145
1244.18605 0.13741086401813474
1246.85363 0.1934748881834493
1249.5212 0.08235633720305194
1254.78796 0.00023362
1254.78796 0.000635432239441989
1267.30506 0.19216665750577688
1269.97264 0.1627684121032172
1271.31783 0.0006146700000000001
1271.31783 0.0016673307479375267
1274.8632 0.20204356832596615
1274.8632 0.2597831650361424
1282.86594 0.027449114463657803
1291.26767 0.00095085
1291.26767 0.0025797462712388443
1297.98222 0.3211485400229375
1305.54036 0.3803143418732028
1323.76881 0.210612248468483
1323.76881 0.3424653907905427
1328.65937 0.2410406294949945
1333.99453 0.017304094439081787
1340.28728 0.0008853299999999999
1340.28728 0.0024059528382290698
1344.22025 0.15615339955928265
1356.66895 0.054907222739394135
1356.81715 0.00072507
1356.81715 0.001971469255704633
1372.77702 0.00055769
1372.77702 0.001515261494053974
1377.56498 0.21917248656159835
1379.78796 0.09074189621022866
1385.88691 0.00038533
1385.88691 0.0010481916428402042
1402.90698 0.05472863826373439
1405.83675 0.00020513
1405.83675 0.0005593976125002127
1412.1067 5.769e-05
1412.1067 0.00015665848672396729
1418.46785 0.18520167976998475
1420.69083 0.041182665507565226
1438.91929 0.14946648465345885
1441.14227 0.0
1466.92886 0.0346171826902421
1482.04514 0.046277932583634086
1491.33607 3.276e-05
1491.33607 8.896051352187846e-05
1492.27086 0.11372284748753143
1500.2736 0.044762202714818115
1535.84131 0.04444223944746834
1536.9357 0.00016453000000000003
1536.9357 0.00040171
1536.9357 0.00044678489895466004
1536.9357 0.001091640001092648
1541.17647 0.07975204069591786
1561.62791 0.044762202714818115
1563.15549 0.00044657999999999997
1563.15549 0.0012111229862868682
1589.63748 0.04578123390430428
1605.19836 0.1816644610707586
1605.19836 0.36509331046642957
1607.42134 0.037594134488233816
1610.08892 0.47379313856007177
1619.01505 0.00025
1619.01505 0.00036895
1619.01505 0.0006788805976944328
1619.01505 0.000999312239806205
1625.64979 0.05289294512756865
1627.87278 0.11874586688142064
1638.39489 0.0001396
1638.39489 0.0003790869257525713
1656.32695 0.06794161358322716
1663.88509 0.027449114463657803
1684.56452 3.704e-05
1684.56452 0.00010058294935440716
1722.57182 0.027449114463657803
1722.57182 0.05068794094625712
1733.58413 0.00011538
1733.58413 0.00031331697344793457
1743.84405 0.00033618
1743.84405 0.0009124155233013176
1763.27751 0.048167936167615395
1766.64387 0.00063106
1766.64387 0.001716210150971526
1783.17373 0.00083191
1783.17373 0.0022593146291270717
1786.59371 0.020883631646334673
1786.59371 0.040766656559816594
1810.27911 0.035481015557901834
1819.08345 0.001
1819.08345 0.002715522390777731
1843.37207 0.035481015557901834
1854.99316 0.00067593
1854.99316 0.0008767800000000001
1854.99316 0.0018356931361657462
1854.99316 0.0023787976143212924
1865.73187 0.02037910725520755
1871.06703 0.0071590744145057705
1895.64935 0.028453243610569064
1907.43274 0.00032407000000000003
1907.43274 0.0008798292546119848
1932.42134 0.003250189019575355
1942.65095 0.012686920609713558
1945.31464 0.0071590744145057705
1963.29229 1.638e-05
1963.29229 4.448025676093923e-05
1989.65254 0.0
1991.10807 0.017304094439081787
1996.44323 0.0
