50.0 0.10918174304643745
52.22298 0.29450872703239306
57.55814 0.0053194770246436434
57.55814 0.058521219062724436
60.22572 0.03668763553894519
62.4487 0.1126879593144966
72.67442 0.20106894028430505
72.67442 0.2862122965486299
78.00958 0.2063301737147164
78.00958 0.299697723131521
82.90014 0.17302243913380552
85.56772 0.27133167311086975
93.12585 0.24473080209182937
93.12585 0.2735534823167627
93.12585 0.4000365763659151
101.12859 0.4811608010801703
108.68673 0.29450872703239306
116.24487 0.31124298080014395
116.24487 0.3113497571494733
116.24487 0.5524600088466892
121.58003 0.3505293862037082
123.80301 0.3279730759561235
126.47059 0.6310222830915926
142.03146 0.41586117713098614
144.25445 0.32550286056396543
149.5896 0.2978564095082975
152.25718 0.26773558444870016
157.14774 0.2926130671052665
162.4829 0.29872555936850126
162.4829 0.5669798315806269
170.04104 0.2777744732646422
172.70862 0.2962553439763432
177.59918 0.2735534823167627
180.26676 0.25434901315685376
187.8249 0.5033601649993324
195.82763 0.2727190596480966
200.71819 0.24765364820504487
208.27633 0.27107910831283333
216.27907 0.24270490019718613
218.50205 0.2754938327225503
218.50205 0.4418796639577186
221.16963 0.43717854794868627
226.50479 0.2518746391529244
238.95349 0.3011999333724307
241.62107 0.3237562436200153
246.95622 0.267399582623453
251.84679 0.23761475938910287
251.84679 0.2518746391529244
251.84679 0.27530009926071286
257.18194 0.44700356489642235
259.40492 0.3447073297238744
259.40492 0.3690060983036379
262.0725 0.23154365819652997
262.0725 0.3129854391323228
269.63064 0.21913388867740183
269.63064 0.23339376844122336
290.08208 0.2074874911276795
290.08208 0.21753282314544756
298.08482 0.17163505259657869
302.97538 0.24183575033698237
305.64295 0.3607554392434635
308.31053 0.3096419152681897
310.53352 0.23179270290926904
310.53352 0.2802488472685716
328.76197 0.21244268233736427
341.21067 0.20167187784967172
343.87825 0.3069607896099052
346.54583 0.15428574908959872
366.99726 0.19745504551356352
374.5554 0.1343917416324288
379.89056 0.18566953975367137
379.89056 0.2552926850703656
418.12585 0.11450122007108109
425.68399 0.17562649232595806
459.02873 0.21345590770139303
469.25445 0.10640348407616158
471.92202 0.1789741748018625
484.81532 0.13578261406547784
487.0383 0.17972930269567602
502.59918 0.218129931072789
502.59918 0.2754938327225503
512.8249 0.21665951467347244
512.8249 0.30857149817919743
515.49248 0.2510013306809493
520.38304 0.348589582217801
538.16689 0.2488929617035099
538.16689 0.30741418076623434
540.83447 0.17228296846182492
540.83447 0.19163298903372972
543.50205 0.15312843167663562
543.50205 0.20494278717748957
551.06019 0.11311383353385425
566.62107 0.08512209008176483
579.51436 0.1643497536312053
589.74008 0.15976554703018225
602.18878 0.07193843208228759
625.3078 0.14812559268228595
640.86867 0.07055104554506074
666.21067 0.14550982587813205
668.87825 0.1400175343951935
673.76881 0.16063885550215734
679.10397 0.054589128575307636
691.99726 0.2251014965692315
709.78112 0.15394764916211975
717.33926 0.07055104554506074
717.33926 0.120479141626618
735.12312 0.08651296251481386
763.57729 0.12135245009859306
766.24487 0.14390876034617775
771.13543 0.06777627247060705
781.36115 0.07841522651989434
784.02873 0.1874119980858502
794.25445 0.1414343863422484
794.25445 0.22670256210118578
809.37073 0.11172296110080522
814.70588 0.10534595339082141
814.70588 0.16909034864638872
819.59644 0.19684853707839223
827.59918 0.1545310469063001
829.82216 0.23686662111699577
840.04788 0.2514376656536999
858.27633 0.0937059990429251
860.49932 0.21165313663518223
863.16689 0.14248947762734834
870.72503 0.12375278758314154
873.39261 0.16909034864638872
878.72777 0.08257738613157488
888.95349 0.0894891667068169
891.17647 0.10200242952668828
893.84405 0.0652315685204171
914.29549 0.17417477057894137
924.5212 0.0652315685204171
929.85636 0.10127467246670906
955.19836 0.04395017452602035
962.7565 0.0894891667068169
975.64979 0.15965494784500384
980.98495 0.03585243853110083
983.65253 0.0953070645748794
1008.99453 0.15196909643694823
1019.22025 0.03585243853110083
1026.77839 0.09618037304685448
1045.00684 0.08454041869895818
1047.22982 0.018736690044206805
1062.7907 0.11524990978384847
1090.80027 0.0053194770246436434
1093.46785 0.09457930751490018
1116.58687 0.11524990978384847
1126.81259 0.017349303506979958
1141.92886 0.16691170410055717
1149.487 0.22839851536500194
1152.15458 0.0937059990429251
1154.82216 0.03723982506832768
1165.04788 0.06661895505764395
1180.60876 0.40516047730461885
1180.60876 0.4589551269381771
1185.49932 0.33641690978462074
1190.83447 0.07980261305712118
1190.83447 0.5131788717242377
1205.76835 0.0
1205.76835 0.0
1205.95075 0.473897734601786
1208.61833 0.09952805552275891
1218.84405 0.3509367325185583
1223.73461 0.07193843208228759
1223.73461 0.4124172335601722
1236.62791 0.2309604658343538
1244.18605 0.15965494784500384
1246.85363 0.0953070645748794
1249.5212 0.03192034804368404
1254.78796 0.00023362
1254.78796 0.0007382960712171633
1267.30506 0.2232746144262982
1269.97264 0.18911737824255032
1271.31783 0.0006146700000000001
1271.31783 0.001937238409091189
1274.8632 0.09952805552275891
1274.8632 0.30183688867120145
1282.86594 0.010638954049287287
1291.26767 0.00095085
1291.26767 0.0029973558446850647
1297.98222 0.3731360964377205
1305.54036 0.4418796639577186
1323.76881 0.10374904647063843
1323.76881 0.3979037210490655
1328.65937 0.28006030968171064
1333.99453 0.0067068635618704915
1340.28728 0.0008853299999999999
1340.28728 0.002795428714095755
1344.22025 0.1814315268344947
1356.66895 0.02128139399439675
1356.81715 0.00072507
1356.81715 0.002290610887622481
1372.77702 0.00055769
1372.77702 0.0017605521698255432
1377.56498 0.10796587880674663
1379.78796 0.1054312030589433
1385.88691 0.00038533
1385.88691 0.0012178730063667738
1402.90698 0.06358811546713979
1405.83675 0.00020513
1405.83675 0.0006499529515843404
1412.1067 5.769e-05
1412.1067 0.00018201837755776987
1418.46785 0.09123162503899573
1420.69083 0.015961916969753107
1438.91929 0.0736282214110411
1441.14227 0.0
1466.92886 0.013417213019563163
1482.04514 0.0537694087422346
1491.33607 3.276e-05
1491.33607 0.00010336144997040286
1492.27086 0.05602065917131514
1500.2736 0.017349303506979958
1535.84131 0.05163655342538502
1536.9357 0.00016453000000000003
1536.9357 0.00040171
1536.9357 0.0005191104811852986
1536.9357 0.0012683547890141012
1541.17647 0.03928640540356426
1561.62791 0.017349303506979958
1563.15549 0.00044657999999999997
1563.15549 0.0014071796912942516
1589.63748 0.022552151635813377
1605.19836 0.0894891667068169
1605.19836 0.1798474832738376
1607.42134 0.01457104453670408
1610.08892 0.23339376844122336
1619.01505 0.00025
1619.01505 0.00036895
1619.01505 0.0007887778538644908
1619.01505 0.0011610810008885304
1625.64979 0.0614552601502902
1627.87278 0.058495033175244515
1638.39489 0.0001396
1638.39489 0.00044045355359793165
1656.32695 0.03346850753550176
1663.88509 0.010638954049287287
1684.56452 3.704e-05
1684.56452 0.00011686532682856295
1722.57182 0.010638954049287287
1722.57182 0.05889330968093833
1733.58413 0.00011538
1733.58413 0.00036403675511553974
1743.84405 0.00033618
1743.84405 0.0010601174355938756
1763.27751 0.05596536628739335
1766.64387 0.00063106
1766.64387 0.0019940304145694325
1783.17373 0.00083191
1783.17373 0.002625052697661025
1786.59371 0.00809425009909734
1786.59371 0.02008193624365532
1810.27911 0.04122468575437374
1819.08345 0.001
1819.08345 0.003155111415457963
1843.37207 0.04122468575437374
1854.99316 0.00067593
1854.99316 0.0008767800000000001
1854.99316 0.002132855316849583
1854.99316 0.002763877599941176
1865.73187 0.010038888815942006
1871.06703 0.002774773074453696
1895.64935 0.03305925741116854
1907.43274 0.00032407000000000003
1907.43274 0.00102225609860838
1932.42134 0.0016010655319542966
1942.65095 0.014740680533019601
1945.31464 0.002774773074453696
1963.29229 1.638e-05
1963.29229 5.168072498520143e-05
1989.65254 0.0
1991.10807 0.0067068635618704915
1996.44323 0.0
