50.0 0.04250458002111113
52.22298 0.665411325248723
57.55814 0.0020708786153767625
57.55814 0.022782378895770044
60.22572 0.014006182743605742
62.4487 0.04302071060118874
72.67442 0.07676178309980278
72.67442 0.646666417895171
78.00958 0.0803245774863372
78.00958 0.11441514331352101
82.90014 0.06735783753225794
85.56772 0.10562973708065601
93.12585 0.09527398694045937
93.12585 0.15272135449447646
93.12585 0.6180651657727588
101.12859 0.18369202620961156
108.68673 0.665411325248723
116.24487 0.12120882391193073
116.24487 0.21091181616833207
116.24487 0.7032206020360381
121.58003 0.7919840806169935
123.80301 0.7410204828798175
126.47059 0.24090441595469114
142.03146 0.9395943535615062
144.25445 0.7354392924196621
149.5896 0.6729750597948932
152.25718 0.6049202407664334
157.14774 0.11391460860547589
162.4829 0.21645502677944956
162.4829 0.6749388119938368
170.04104 0.6276020484614081
172.70862 0.6693576215336814
177.59918 0.6180651657727588
180.26676 0.5746746985252885
187.8249 0.19216704356289757
195.82763 0.10616984827916187
200.71819 0.5595472294329482
208.27633 0.6124745793690679
216.27907 0.5483660566255663
218.50205 0.10725007067617359
218.50205 0.168695726316432
221.16963 0.1669009884175696
226.50479 0.5690841121215975
238.95349 0.6805293983975278
241.62107 0.7314929961347039
246.95622 0.10409896966378511
251.84679 0.5368654217379735
251.84679 0.5690841121215975
251.84679 0.6220114620577172
257.18194 0.17065187017398412
259.40492 0.7788297596671325
259.40492 0.8337302577457313
262.0725 0.09014021642802798
262.0725 0.7071575023774608
269.63064 0.49510984866570007
269.63064 0.5273285390493242
290.08208 0.08077512250619637
290.08208 0.4914924104044883
298.08482 0.06681772633375206
302.97538 0.5464023044266227
305.64295 0.13772505460129691
308.31053 0.6996031637748263
310.53352 0.5237111007881123
310.53352 0.6331926348650991
328.76197 0.4799917755168955
341.21067 0.45565628175965245
343.87825 0.1171879531411595
346.54583 0.06006362222580308
366.99726 0.4461287950145388
374.5554 0.05231886189948907
379.89056 0.0974626995627894
379.89056 0.4195006910346057
418.12585 0.04457545863648789
425.68399 0.3968094873960953
459.02873 0.08149073678499337
469.25445 0.041423000560786565
471.92202 0.40437322194226544
484.81532 0.05286033016130776
487.0383 0.06996882734614056
502.59918 0.08491823680026273
502.59918 0.10725007067617359
512.8249 0.12012724445160616
512.8249 0.4895192622620091
515.49248 0.5671109639791183
520.38304 0.1357063312828809
538.16689 0.09689432053597696
538.16689 0.11967669943174701
540.83447 0.3892551487934608
540.83447 0.4329744740646777
543.50205 0.05961307720594392
543.50205 0.07978446628783134
551.06019 0.04403534743798202
566.62107 0.03313812903596668
579.51436 0.06274355513539931
589.74008 0.36097335875125947
602.18878 0.02800571558684813
625.3078 0.3346741127950729
640.86867 0.027465604388342262
666.21067 0.328764064311171
668.87825 0.05345428085618642
673.76881 0.36294650689373864
679.10397 0.021251611478899146
691.99726 0.5085930276393078
709.78112 0.347828433744934
717.33926 0.027465604388342262
717.33926 0.272209880170304
735.12312 0.033679597297785385
763.57729 0.27418302831278313
766.24487 0.32514662604995925
771.13543 0.02638538199133053
781.36115 0.03052713922208406
784.02873 0.4234375913760284
794.25445 0.3195560396462683
794.25445 0.5122104659005194
809.37073 0.043493879176163326
814.70588 0.06582707011538703
814.70588 0.23801804164420073
819.59644 0.07663336527544284
827.59918 0.058995082423144315
829.82216 0.09221245210671757
840.04788 0.097884976754342
858.27633 0.2117187956880142
860.49932 0.0823968131650268
863.16689 0.0554713199751904
870.72503 0.048177104668735544
873.39261 0.06582707011538703
878.72777 0.032147472817601656
888.95349 0.20219130894290052
891.17647 0.23046370304156624
893.84405 0.0253947257729655
914.29549 0.06649443689181385
924.5212 0.0253947257729655
929.85636 0.22881941292283361
955.19836 0.017109854248145623
962.7565 0.20219130894290052
975.64979 0.06095122628069641
980.98495 0.0139573961724443
983.65253 0.215336233949226
1008.99453 0.05801701049436826
1019.22025 0.0139573961724443
1026.77839 0.21730938209170517
1045.00684 0.1910101361355186
1047.22982 0.007294215306454848
1062.7907 0.04399878252996479
1090.80027 0.0020708786153767625
1093.46785 0.21369194383049336
1116.58687 0.04399878252996479
1126.81259 0.006754104107948983
1141.92886 0.06372162706417536
1149.487 0.08719535335480046
1152.15458 0.2117187956880142
1154.82216 0.014497507370950166
1165.04788 0.025934836971471368
1180.60876 0.15467749835202854
1180.60876 0.17521459981216594
1185.49932 0.12843337127792448
1190.83447 0.031067250420589925
1190.83447 0.19591551627515258
1205.76835 0.0
1205.76835 0.0
1205.95075 0.18091921638197306
1208.61833 0.22487311663787526
1218.84405 0.13397658188904193
1223.73461 0.02800571558684813
1223.73461 0.1574478991355075
1236.62791 0.08817342528357651
1244.18605 0.06095122628069641
1246.85363 0.215336233949226
1249.5212 0.012426628755573405
1254.78796 0.00023362
1254.78796 0.00028185816666698865
1267.30506 0.08523920949724836
1269.97264 0.07219905346162094
1271.31783 0.0006146700000000001
1271.31783 0.0007395765569809018
1274.8632 0.1152318092836074
1274.8632 0.22487311663787526
1282.86594 0.004141757230753525
1291.26767 0.00095085
1291.26767 0.0011442959757847829
1297.98222 0.14245159924232795
1305.54036 0.168695726316432
1323.76881 0.1519070975685496
1323.76881 0.2344099993265246
1328.65937 0.10691819788901102
1333.99453 0.0026109898138826286
1340.28728 0.0008853299999999999
1340.28728 0.0010672065626792817
1344.22025 0.0692648376752928
1356.66895 0.00828487152481988
1356.81715 0.00072507
1356.81715 0.0008744830299155288
1372.77702 0.00055769
1372.77702 0.0006721233205135883
1377.56498 0.24393748607163826
1379.78796 0.0402503098177098
1385.88691 0.00038533
1385.88691 0.0004649455227925539
1402.90698 0.024275937995754227
1405.83675 0.00020513
1405.83675 0.0002481315484333319
1412.1067 5.769e-05
1412.1067 6.948887878213065e-05
1418.46785 0.20612820928432324
1420.69083 0.006213992909443116
1438.91929 0.16635518029806468
1441.14227 0.0
1466.92886 0.0052233366910780865
1482.04514 0.02052746528349923
1491.33607 3.276e-05
1491.33607 3.946014333337841e-05
1492.27086 0.1265727553682705
1500.2736 0.006754104107948983
1535.84131 0.019713208357572377
1536.9357 0.00016453000000000003
1536.9357 0.00019818001778512667
1536.9357 0.00040171
1536.9357 0.0004842178760689292
1541.17647 0.08876347858095548
1561.62791 0.006754104107948983
1563.15549 0.00044657999999999997
1563.15549 0.0005372168475789613
1589.63748 0.050954201793640484
1605.19836 0.20219130894290052
1605.19836 0.4063463700847446
1607.42134 0.005672524647624421
1610.08892 0.5273285390493242
1619.01505 0.00025
1619.01505 0.00030113051994336396
1619.01505 0.00036895
1619.01505 0.0004432641253566317
1625.64979 0.02346168106982737
1627.87278 0.13216334177196148
1638.39489 0.0001396
1638.39489 0.00016815128233637442
1656.32695 0.07561855357463002
1663.88509 0.004141757230753525
1684.56452 3.704e-05
1684.56452 4.46154978348088e-05
1722.57182 0.004141757230753525
1722.57182 0.022483609141051325
1733.58413 0.00011538
1733.58413 0.0001389777575642613
1743.84405 0.00033618
1743.84405 0.0004047194188038811
1763.27751 0.021365812651021557
1766.64387 0.00063106
1766.64387 0.000761257954416824
1783.17373 0.00083191
1783.17373 0.0010021623703715152
1786.59371 0.0031511010123884946
1786.59371 0.04537301133348513
1810.27911 0.01573828549431997
1819.08345 0.001
1819.08345 0.0012045220797734558
1843.37207 0.01573828549431997
1854.99316 0.00067593
1854.99316 0.0008142569259268561
1854.99316 0.0008767800000000001
1854.99316 0.0010551613418815472
1865.73187 0.022681807694974764
1871.06703 0.001080222397011732
1895.64935 0.012620982351866268
1907.43274 0.00032407000000000003
1907.43274 0.0003902651538465996
1932.42134 0.003617438261211799
1942.65095 0.005627527156701585
1945.31464 0.001080222397011732
1963.29229 1.638e-05
1963.29229 1.9730071666689204e-05
1989.65254 0.0
1991.10807 0.0026109898138826286
1996.44323 0.0
