50.0 0.15030525777576006
52.22298 0.536377581601398
57.55814 0.0073230683364455115
57.55814 0.0805633494313547
60.22572 0.050238632708987714
62.4487 0.1543105440173895
72.67442 0.27533604964554254
72.67442 0.5212676072259509
78.00958 0.2840448327878177
78.00958 0.4103944998074755
82.90014 0.23819167554356027
85.56772 0.37352927267621844
93.12585 0.33690913212876383
93.12585 0.49821258868015594
93.12585 0.5477946543836044
101.12859 0.6588830379588961
108.68673 0.536377581601398
116.24487 0.42862024548250577
116.24487 0.5668550437000442
116.24487 0.7565174223721833
121.58003 0.6384058847651314
123.80301 0.5973249318766978
126.47059 0.8640975698140302
142.03146 0.7573921992705319
144.25445 0.5928260222130307
149.5896 0.5424745888055258
152.25718 0.4876166718123611
157.14774 0.4028263448872275
162.4829 0.5440575385020012
162.4829 0.7764003074536043
170.04104 0.5059001195027518
172.70862 0.5395586288383342
177.59918 0.49821258868015594
180.26676 0.4632362169178428
187.8249 0.6892819904649538
195.82763 0.3754392210365758
200.71819 0.4510422025095872
208.27633 0.49370610509449625
216.27907 0.4420292353382679
218.50205 0.37925911775729043
218.50205 0.6050929642379728
221.16963 0.5986554373428583
226.50479 0.4587297333321831
238.95349 0.5485640220876609
241.62107 0.5896449749760945
246.95622 0.36811615270013026
251.84679 0.4327587548191965
251.84679 0.4587297333321831
251.84679 0.5013936359170922
257.18194 0.6121094365048627
259.40492 0.6278023939753439
259.40492 0.672056820178721
262.0725 0.318755024974915
262.0725 0.5700285170149877
269.63064 0.39910024548361406
269.63064 0.42507122399660063
290.08208 0.2856380560431912
290.08208 0.3961842855164226
298.08482 0.23628172718320292
302.97538 0.44044628564179245
305.64295 0.49400458066268105
308.31053 0.5639390837328526
310.53352 0.42215526402940906
310.53352 0.5104066030884115
328.76197 0.38691380499735123
341.21067 0.36729734703624445
343.87825 0.420340262836035
346.54583 0.21239777494828202
366.99726 0.35961739013564126
374.5554 0.1850106510976303
379.89056 0.3381528952083144
379.89056 0.3495879538196622
418.12585 0.1576283261122056
425.68399 0.31986187359593105
459.02873 0.292298284940992
469.25445 0.14648056218981836
471.92202 0.3259588808000588
484.81532 0.18692539832321464
487.0383 0.24742469224036315
502.59918 0.3002889915813093
502.59918 0.37925911775729043
512.8249 0.39459376189795436
512.8249 0.42479554989656404
515.49248 0.45713920971371497
520.38304 0.47988652270285137
538.16689 0.3426389772098359
538.16689 0.42320232664119056
540.83447 0.313772440313796
540.83447 0.3490138993458538
543.50205 0.21080455169290854
543.50205 0.2821348844274604
551.06019 0.15571837775184824
566.62107 0.11718348997880927
579.51436 0.22505421205806417
589.74008 0.29097493511575295
602.18878 0.09903418169018743
625.3078 0.2697755274581708
640.86867 0.09712423332983008
666.21067 0.2650115305247591
668.87825 0.19173460976603515
673.76881 0.2925654587342211
679.10397 0.07515022945526652
691.99726 0.40996882354314623
709.78112 0.28037901824795824
717.33926 0.09712423332983008
717.33926 0.21942409405066582
735.12312 0.11909823720439366
763.57729 0.22101461766913394
766.24487 0.2620955705575676
771.13543 0.09330433660911538
781.36115 0.10795047328200642
784.02873 0.34132636852325793
794.25445 0.2575890869719079
794.25445 0.41288478351033775
809.37073 0.15380363052626386
814.70588 0.19186259191921115
814.70588 0.23277855556747212
819.59644 0.27099191937030015
827.59918 0.21160885387175785
829.82216 0.3260828921765875
840.04788 0.3461421488255667
858.27633 0.17066318426162896
860.49932 0.2913726999894903
863.16689 0.19615841502001755
870.72503 0.17036451442473927
873.39261 0.23277855556747212
878.72777 0.11368031836307846
888.95349 0.16298322736102575
891.17647 0.18577315863707608
893.84405 0.08980116499338457
914.29549 0.2385082112200686
924.5212 0.08980116499338457
929.85636 0.18444772228835263
955.19836 0.0605040927823755
962.7565 0.16298322736102575
975.64979 0.2186253261386478
980.98495 0.04935632885998826
983.65253 0.1735791442288205
1008.99453 0.20810061773831287
1019.22025 0.04935632885998826
1026.77839 0.17516966784728863
1045.00684 0.15397026018970644
1047.22982 0.025793900595278262
1062.7907 0.15781878015083448
1090.80027 0.0073230683364455115
1093.46785 0.17225370788009706
1116.58687 0.15781878015083448
1126.81259 0.023883952234920913
1141.92886 0.22856244819150914
1149.487 0.31276011539418824
1152.15458 0.17066318426162896
1154.82216 0.05126627722034561
1165.04788 0.09171111335374192
1180.60876 0.5548111266504944
1180.60876 0.6284754444771404
1185.49932 0.4606763373949539
1190.83447 0.10986042164236376
1190.83447 0.7027273486512601
1205.76835 0.0
1205.76835 0.0
1205.95075 0.6489372749303367
1208.61833 0.1812666750514164
1218.84405 0.4805592224763747
1223.73461 0.09903418169018743
1223.73461 0.5647482487033557
1236.62791 0.31626835152763316
1244.18605 0.2186253261386478
1246.85363 0.1735791442288205
1249.5212 0.043943208883900096
1254.78796 0.00023362
1254.78796 0.0010109941566824154
1267.30506 0.3057436431272983
1269.97264 0.2589700416732649
1271.31783 0.0006146700000000001
1271.31783 0.0026527795393290724
1274.8632 0.1812666750514164
1274.8632 0.41332379056914503
1282.86594 0.014646136672891023
1291.26767 0.00095085
1291.26767 0.004104463456616643
1297.98222 0.5109581749824323
1305.54036 0.6050929642379728
1323.76881 0.18895420587401232
1323.76881 0.544874004597633
1328.65937 0.38350378343486285
1333.99453 0.00923301669680286
1340.28728 0.0008853299999999999
1340.28728 0.0038279522342761535
1344.22025 0.24844533327292995
1356.66895 0.029297072211009075
1356.81715 0.00072507
1356.81715 0.0031366741784249297
1372.77702 0.00055769
1372.77702 0.002410832219781144
1377.56498 0.1966341627746155
1379.78796 0.14437342196452818
1385.88691 0.00038533
1385.88691 0.0016677083097410782
1402.90698 0.08707511211015982
1405.83675 0.00020513
1405.83675 0.0008900204969084512
1412.1067 5.769e-05
1412.1067 0.000249248944012857
1418.46785 0.1661567006759693
1420.69083 0.021974003874563563
1438.91929 0.13409628888084768
1441.14227 0.0
1466.92886 0.01847083225883275
1482.04514 0.07362975392385351
1491.33607 3.276e-05
1491.33607 0.00014153918193553813
1492.27086 0.10202830316373335
1500.2736 0.023883952234920913
1535.84131 0.07070910413788209
1536.9357 0.00016453000000000003
1536.9357 0.00040171
1536.9357 0.0007108498658075119
1536.9357 0.0017368361153262007
1541.17647 0.07155084106508715
1561.62791 0.023883952234920913
1563.15549 0.00044657999999999997
1563.15549 0.0019269375806852875
1589.63748 0.04107337896644095
1605.19836 0.16298322736102575
1605.19836 0.327549404418527
1607.42134 0.020059256648979187
1610.08892 0.42507122399660063
1619.01505 0.00025
1619.01505 0.00036895
1619.01505 0.0010801219622675379
1619.01505 0.0015899395284578156
1625.64979 0.0841544623241884
1627.87278 0.10653478674939303
1638.39489 0.0001396
1638.39489 0.0006031401037301931
1656.32695 0.060954924197292405
1663.88509 0.014646136672891023
1684.56452 3.704e-05
1684.56452 0.0001600308699295584
1722.57182 0.014646136672891023
1722.57182 0.08064622619074344
1733.58413 0.00011538
1733.58413 0.000498497888025714
1743.84405 0.00033618
1743.84405 0.0014516839172875708
1763.27751 0.07663681346680634
1766.64387 0.00063106
1766.64387 0.0027305483206123355
1783.17373 0.00083191
1783.17373 0.003594645890426365
1786.59371 0.01114296505716021
1786.59371 0.036574469302773985
1810.27911 0.05645149423595059
1819.08345 0.001
1819.08345 0.0043204878490701515
1843.37207 0.05645149423595059
1854.99316 0.00067593
1854.99316 0.0008767800000000001
1854.99316 0.002920649785971422
1854.99316 0.0037847473557854525
1865.73187 0.018283447690390642
1871.06703 0.003819896720714697
1895.64935 0.04527007168255704
1907.43274 0.00032407000000000003
1907.43274 0.0013998380630987288
1932.42134 0.002915959967191548
1942.65095 0.020185319230855744
1945.31464 0.003819896720714697
1963.29229 1.638e-05
1963.29229 7.076959096776906e-05
1989.65254 0.0
1991.10807 0.00923301669680286
1996.44323 0.0
