50.0 0.11958570924585486
52.22298 0.5577883237487864
57.55814 0.005826371837079739
57.55814 0.06409772634396767
60.22572 0.04613850982889317
62.4487 0.1417168057317465
72.67442 0.25286506315580526
72.67442 0.5420752000689995
78.00958 0.22599144759944284
78.00958 0.3769009951519525
82.90014 0.1895098074269023
85.56772 0.29718696243956466
93.12585 0.2680512851861207
93.12585 0.503087518163516
93.12585 0.5180998875470589
101.12859 0.6051096513524137
108.68673 0.5577883237487864
116.24487 0.34101838359924713
116.24487 0.5894823636923766
116.24487 0.6947758059029234
121.58003 0.6638893207865856
123.80301 0.6211685273834958
126.47059 0.7935760204487989
142.03146 0.787625247107113
144.25445 0.6164900334156794
149.5896 0.5641287069879987
152.25718 0.5070810103400304
157.14774 0.32049626785592894
162.4829 0.5657748437544525
162.4829 0.7130359901334503
170.04104 0.5260942838051962
172.70862 0.5610963497866363
177.59918 0.5180998875470589
180.26676 0.4817273536356525
187.8249 0.6330276557518024
195.82763 0.29870655352158154
200.71819 0.46904658715722797
208.27633 0.5134135173267717
216.27907 0.45967384671665334
218.50205 0.30174573568561525
218.50205 0.5557095440794759
221.16963 0.5497974027271324
226.50479 0.47704098341536516
238.95349 0.5704612139747398
241.62107 0.6131820073778296
246.95622 0.2928801816845018
251.84679 0.45003331369206223
251.84679 0.47704098341536516
251.84679 0.5214079135849088
257.18194 0.5621533813655202
259.40492 0.6528625673270859
259.40492 0.6988835105155545
262.0725 0.2536075337708699
262.0725 0.5927825134777553
269.63064 0.4150312477106221
269.63064 0.44203891743392504
290.08208 0.227259046190472
290.08208 0.4119988905092598
298.08482 0.1879902163448854
302.97538 0.4580277099501994
305.64295 0.45368741089057835
308.31053 0.5864500064910142
310.53352 0.4390065602325626
310.53352 0.5307806540254835
328.76197 0.4023583574846687
341.21067 0.38195886358459447
343.87825 0.38603505514731823
346.54583 0.16898769168358405
366.99726 0.37397234357892833
374.5554 0.1471979773492367
379.89056 0.32105705059297057
379.89056 0.35165104407591274
418.12585 0.1254120810829346
425.68399 0.33262989435827595
459.02873 0.2684429604372152
469.25445 0.11654270901377586
471.92202 0.3389702775974882
484.81532 0.14872138649929884
487.0383 0.19685577034599888
502.59918 0.23891560793267674
502.59918 0.30174573568561525
512.8249 0.3379753833671681
512.8249 0.41034487749033477
515.49248 0.47538697039644023
520.38304 0.38180680452685056
538.16689 0.2726100584321713
538.16689 0.336707784776139
540.83447 0.32629738737153474
540.83447 0.36294559011942873
543.50205 0.16772009309255492
543.50205 0.224471856517426
551.06019 0.12389249000091775
566.62107 0.09323340359741164
579.51436 0.20668687452588969
589.74008 0.3025898674336107
602.18878 0.07879347025020615
625.3078 0.28054423676708257
640.86867 0.07727387916818929
666.21067 0.27559007396277885
668.87825 0.176086583177384
673.76881 0.30424388045253564
679.10397 0.05979094558890479
691.99726 0.42633367000660927
709.78112 0.29157099022658217
717.33926 0.07727387916818929
717.33926 0.22818291033940172
735.12312 0.09475681274747377
763.57729 0.22983692335832667
766.24487 0.2725577167614165
771.13543 0.07423469700415555
781.36115 0.08588744067831504
784.02873 0.35495119386129154
794.25445 0.26787134654112915
794.25445 0.42936602720797157
809.37073 0.12236908085085561
814.70588 0.1852030266718394
814.70588 0.19952122759717386
819.59644 0.2156063025163125
827.59918 0.19433883164770638
829.82216 0.25943772367599494
840.04788 0.2753972481052173
858.27633 0.17747559693064577
860.49932 0.23182163750456786
863.16689 0.15606734941839545
870.72503 0.1355452336750772
873.39261 0.1852030266718394
878.72777 0.09044621392436562
888.95349 0.16948907692497964
891.17647 0.19318872061043268
893.84405 0.07144750733110954
914.29549 0.21904285316427746
924.5212 0.07144750733110954
929.85636 0.19181037642799523
955.19836 0.04813820191474532
962.7565 0.16948907692497964
975.64979 0.20078266893375063
980.98495 0.03926882984558658
983.65253 0.18050795413200815
1008.99453 0.19111691300468425
1019.22025 0.03926882984558658
1026.77839 0.1821619671509331
1045.00684 0.16011633648440501
1047.22982 0.020522115743318217
1062.7907 0.14493872437476862
1090.80027 0.005826371837079739
1093.46785 0.1791296099495707
1116.58687 0.14493872437476862
1126.81259 0.019002524661301354
1141.92886 0.2099087931689118
1149.487 0.2872348406014428
1152.15458 0.17747559693064577
1154.82216 0.040788420927603444
1165.04788 0.07296709841312642
1180.60876 0.5095313554495604
1180.60876 0.5771837111928204
1185.49932 0.42307918378186815
1190.83447 0.08740703176033189
1190.83447 0.6453756986299858
1205.76835 0.0
1205.76835 0.0
1205.95075 0.595975591357048
1208.61833 0.18850235039014535
1218.84405 0.44133936801239504
1223.73461 0.07879347025020615
1223.73461 0.5186574796847215
1236.62791 0.2904567592444649
1244.18605 0.20078266893375063
1246.85363 0.18050795413200815
1249.5212 0.03496204909052371
1254.78796 0.00023362
1254.78796 0.0009284839439250948
1267.30506 0.2807910033153985
1269.97264 0.23783473332850505
1271.31783 0.0006146700000000001
1271.31783 0.0024362783827778125
1274.8632 0.18850235039014535
1274.8632 0.379591217861274
1282.86594 0.011652743674159478
1291.26767 0.00095085
1291.26767 0.0037694860971317946
1297.98222 0.4692573724117838
1305.54036 0.5557095440794759
1323.76881 0.19649674664828257
1323.76881 0.5004052312143992
1328.65937 0.35220490939558596
1333.99453 0.0073459629190966045
1340.28728 0.0008853299999999999
1340.28728 0.0035155417705881793
1344.22025 0.22816897739943867
1356.66895 0.023309305416364227
1356.81715 0.00072507
1356.81715 0.00288068095422914
1372.77702 0.00055769
1372.77702 0.002214077097052149
1377.56498 0.2044832666539487
1379.78796 0.13259068149658534
1385.88691 0.00038533
1385.88691 0.001531601719466182
1402.90698 0.07996865558062546
1405.83675 0.00020513
1405.83675 0.000817383301062263
1412.1067 5.769e-05
1412.1067 0.00022890700309845604
1418.46785 0.17278922671035846
1420.69083 0.017482933579284488
1438.91929 0.13944905000031438
1441.14227 0.0
1466.92886 0.014695743906238479
1482.04514 0.06762061270244216
1491.33607 3.276e-05
1491.33607 0.00012998775214951327
1492.27086 0.1061009970377992
1500.2736 0.019002524661301354
1535.84131 0.06493832575332521
1536.9357 0.00016453000000000003
1536.9357 0.00040171
1536.9357 0.0006528353132222044
1536.9357 0.001595087801102086
1541.17647 0.07440695709420897
1561.62791 0.019002524661301354
1563.15549 0.00044657999999999997
1563.15549 0.0017696745256008217
1589.63748 0.042712917150618736
1605.19836 0.16948907692497964
1605.19836 0.3406242906164132
1607.42134 0.01595952442922235
1610.08892 0.44203891743392504
1619.01505 0.00025
1619.01505 0.00036895
1619.01505 0.0009919700255609986
1619.01505 0.00146017987762579
1625.64979 0.07728636863150853
1627.87278 0.11078736725808652
1638.39489 0.0001396
1638.39489 0.0005539160622732617
1656.32695 0.06338807988718045
1663.88509 0.011652743674159478
1684.56452 3.704e-05
1684.56452 0.00014697027898711757
1722.57182 0.011652743674159478
1722.57182 0.07406444998848641
1733.58413 0.00011538
1733.58413 0.0004578140061969121
1743.84405 0.00033618
1743.84405 0.0013332077143539823
1763.27751 0.07038225725360397
1766.64387 0.00063106
1766.64387 0.0025077002246182045
1783.17373 0.00083191
1783.17373 0.0033012762450670033
1786.59371 0.00886555400111347
1786.59371 0.038034423182802486
1810.27911 0.05184432141592003
1819.08345 0.001
1819.08345 0.0039678801022439945
1843.37207 0.05184432141592003
1854.99316 0.00067593
1854.99316 0.0008767800000000001
1854.99316 0.0026822869491169407
1854.99316 0.0034758629695657395
1865.73187 0.01901327346516571
1871.06703 0.0030391821640337307
1895.64935 0.04157544771131257
1907.43274 0.00032407000000000003
1907.43274 0.0012855931531270542
1932.42134 0.0030323572013623854
1942.65095 0.01853793583768394
1945.31464 0.0030391821640337307
1963.29229 1.638e-05
1963.29229 6.499387607475664e-05
1989.65254 0.0
1991.10807 0.0073459629190966045
1996.44323 0.0
