50.0 0.1563358987806466
52.22298 0.20657572913326966
57.55814 0.007616889037363644
57.55814 0.08379576222756283
60.22572 0.04065045557102123
62.4487 0.12485996484129638
72.67442 0.20075640692283356
72.67442 0.2227874297067459
78.00958 0.29544145617401973
78.00958 0.3320696141881807
82.90014 0.24774855004557308
85.56772 0.3885162463966409
93.12585 0.19187720050249904
93.12585 0.35042680980154134
93.12585 0.44324658254642096
101.12859 0.5331334516246887
108.68673 0.20657572913326966
116.24487 0.2183135499727658
116.24487 0.44581761346671606
116.24487 0.6121340531893549
121.58003 0.24587000958278568
123.80301 0.230048453858773
126.47059 0.6991822423636264
142.03146 0.29169534889403925
144.25445 0.2283157834863424
149.5896 0.20892387669186668
152.25718 0.1877963825714714
157.14774 0.4189887939543769
162.4829 0.2095335199710552
162.4829 0.628222236586142
170.04104 0.19483790829377354
172.70862 0.2078008495986246
177.59918 0.19187720050249904
180.26676 0.1784067092905723
187.8249 0.5577306829110411
195.82763 0.39050282689262433
200.71819 0.17371041417337826
208.27633 0.1901416131765795
216.27907 0.1702392395215392
218.50205 0.3944759878845912
218.50205 0.489609357037553
221.16963 0.484400449331944
226.50479 0.17667112196465276
238.95349 0.21126910729697476
241.62107 0.22709066302098743
246.95622 0.38288593785526076
251.84679 0.16666888845107614
251.84679 0.17667112196465276
251.84679 0.19310232096785399
257.18194 0.49528671684554565
259.40492 0.24178627469826913
259.40492 0.25883003393414783
262.0725 0.2195357534846318
262.0725 0.3315443122731359
269.63064 0.15370594714622504
269.63064 0.16370818065980164
290.08208 0.15258292005298302
290.08208 0.29709860372343305
298.08482 0.24576196954958962
302.97538 0.16962959624235063
305.64295 0.39972248795928517
308.31053 0.21719052287952376
310.53352 0.1625851535665596
310.53352 0.19657349561969306
328.76197 0.14901256898251997
341.21067 0.14145765944616434
343.87825 0.34011720179778604
346.54583 0.22091973053323388
366.99726 0.1384998686083788
374.5554 0.1924337634714814
379.89056 0.1302332224207217
379.89056 0.2828681597930523
418.12585 0.16395278781801026
425.68399 0.12318877974493064
459.02873 0.2365123771243439
469.25445 0.15235774638039837
471.92202 0.12553692730352767
484.81532 0.1944253353757462
487.0383 0.2573520195789202
502.59918 0.3123373732064417
502.59918 0.3944759878845912
512.8249 0.1519703598203055
512.8249 0.44183946106646776
515.49248 0.1760585617319753
520.38304 0.4991408281365429
538.16689 0.35638655128949165
538.16689 0.44018231351705445
540.83447 0.12084354913982258
540.83447 0.1344161337238622
543.50205 0.21926258298382056
543.50205 0.2934548756780363
551.06019 0.16196620732202682
566.62107 0.12188519882266241
579.51436 0.18210201502360648
589.74008 0.11206351913811201
602.18878 0.10300769270253836
625.3078 0.10389896632256784
640.86867 0.10102111220655492
666.21067 0.10206420257802433
668.87825 0.15514154775806505
673.76881 0.11267607937078948
679.10397 0.07816545368618262
691.99726 0.1578917754028545
709.78112 0.10798270120708439
717.33926 0.08450705952809212
717.33926 0.10102111220655492
735.12312 0.12387677072692722
763.57729 0.0851196197607696
766.24487 0.10094117548478229
771.13543 0.09704795121458804
781.36115 0.11228172928931533
784.02873 0.13145542593258774
794.25445 0.09920558815886275
794.25445 0.15901480249609654
809.37073 0.15997463541776202
814.70588 0.07389226578183802
814.70588 0.24211824150419287
819.59644 0.2818648256487058
827.59918 0.17122273933242846
829.82216 0.3391661927187809
840.04788 0.36003027933488846
858.27633 0.06572771296629387
860.49932 0.3030633366196648
863.16689 0.20402880490909328
870.72503 0.1771999853967541
873.39261 0.24211824150419287
878.72777 0.11824147077726564
888.95349 0.06276992212850831
891.17647 0.07154703517672995
893.84405 0.09340422316919127
914.29549 0.19298828253720815
924.5212 0.09340422316919127
929.85636 0.07103656831616538
955.19836 0.06293167561145534
962.7565 0.06276992212850831
975.64979 0.17690009914042112
980.98495 0.05133663417384344
983.65253 0.06685074005953591
1008.99453 0.16838405942843213
1019.22025 0.05133663417384344
1026.77839 0.0674633002922134
1045.00684 0.05929874747666924
1047.22982 0.026828819512339182
1062.7907 0.12769864474529272
1090.80027 0.007616889037363644
1093.46785 0.06634027319897134
1116.58687 0.12769864474529272
1126.81259 0.024842239016355742
1141.92886 0.18494069492760282
1149.487 0.25306901262351456
1152.15458 0.06572771296629387
1154.82216 0.053323214669826875
1165.04788 0.09539080366517472
1180.60876 0.4489239423544136
1180.60876 0.5085292285159126
1185.49932 0.3727550288713201
1190.83447 0.11426830978529877
1190.83447 0.5686099586022192
1205.76835 0.0
1205.76835 0.0
1205.95075 0.5250858640150834
1208.61833 0.0698114478508104
1218.84405 0.38884321226810714
1223.73461 0.10300769270253836
1223.73461 0.45696453814159527
1236.62791 0.2559076925275109
1244.18605 0.17690009914042112
1246.85363 0.06685074005953591
1249.5212 0.045706325632463234
1254.78796 0.00023362
1254.78796 0.0008180432235654428
1267.30506 0.2473916528155219
1269.97264 0.20954491803637884
1271.31783 0.0006146700000000001
1271.31783 0.002146489484056333
1274.8632 0.0698114478508104
1274.8632 0.3344398419897934
1282.86594 0.015233778074727288
1291.26767 0.00095085
1291.26767 0.0033211156512272253
1297.98222 0.4134404435544595
1305.54036 0.489609357037553
1323.76881 0.07277215564208492
1323.76881 0.4408833465672318
1328.65937 0.31031106280582466
1333.99453 0.009603469533347085
1340.28728 0.0008853299999999999
1340.28728 0.003097377333670865
1344.22025 0.20102887832438984
1356.66895 0.030472547557735947
1356.81715 0.00072507
1356.81715 0.002538031539779964
1372.77702 0.00055769
1372.77702 0.0019507184561945174
1377.56498 0.07572994647987047
1379.78796 0.11681936905411469
1385.88691 0.00038533
1385.88691 0.001349421727761799
1402.90698 0.07045659456298263
1405.83675 0.00020513
1405.83675 0.0007201577096345352
1412.1067 5.769e-05
1412.1067 0.000201679117809788
1418.46785 0.06399212564037433
1420.69083 0.022855658520372298
1438.91929 0.05164466152168965
1441.14227 0.0
1466.92886 0.01921193047497554
1482.04514 0.0595773188718046
1491.33607 3.276e-05
1491.33607 0.000114526051299162
1492.27086 0.03929428044951603
1500.2736 0.024842239016355742
1535.84131 0.05721408289261554
1536.9357 0.00016453000000000003
1536.9357 0.00040171
1536.9357 0.0005751822716804372
1536.9357 0.001405356307150889
1541.17647 0.027556459610019887
1561.62791 0.024842239016355742
1563.15549 0.00044657999999999997
1563.15549 0.001559176400470887
1589.63748 0.01581863877052375
1605.19836 0.06276992212850831
1605.19836 0.12614948753620517
1607.42134 0.020864086616107492
1610.08892 0.16370818065980164
1619.01505 0.00025
1619.01505 0.00036895
1619.01505 0.000873977802954533
1619.01505 0.0012864953259490726
1625.64979 0.06809335858379358
1627.87278 0.04102986777543556
1638.39489 0.0001396
1638.39489 0.0004880292051698112
1656.32695 0.023475641678992278
1663.88509 0.015233778074727288
1684.56452 3.704e-05
1684.56452 0.0001294885512857436
1722.57182 0.015233778074727288
1722.57182 0.06525467867979724
1733.58413 0.00011538
1733.58413 0.000403358235619576
1743.84405 0.00033618
1743.84405 0.0011746261671708924
1763.27751 0.06201047307523003
1766.64387 0.00063106
1766.64387 0.0022094158858690593
1783.17373 0.00083191
1783.17373 0.0029085981282326854
1786.59371 0.011590050029330527
1786.59371 0.014085968398093155
1810.27911 0.04567757589361571
1819.08345 0.001
1819.08345 0.003495911211818132
1843.37207 0.04567757589361571
1854.99316 0.00067593
1854.99316 0.0008767800000000001
1854.99316 0.002363235979189057
1854.99316 0.0030624182215526837
1865.73187 0.007041525722302108
1871.06703 0.003973160991966882
1895.64935 0.036630157677430386
1907.43274 0.00032407000000000003
1907.43274 0.0011326752326290747
1932.42134 0.0011230270932420512
1942.65095 0.01633289718161431
1945.31464 0.003973160991966882
1963.29229 1.638e-05
1963.29229 5.7263025649581e-05
1989.65254 0.0
1991.10807 0.009603469533347085
1996.44323 0.0
