50.0 0.24398459795814836
52.22298 0.50093341816991
57.55814 0.011887248059900208
57.55814 0.13077530827628092
60.22572 0.009585932385288992
62.4487 0.029443684302801996
72.67442 0.05253631742773451
72.67442 0.48682192027740984
78.00958 0.07830654845320183
78.00958 0.4610787763207689
82.90014 0.3866471542943295
85.56772 0.6063353389504931
93.12585 0.10452359538448498
93.12585 0.46529039166348984
93.12585 0.5468913088423027
101.12859 0.12572014625226538
108.68673 0.50093341816991
116.24487 0.14434956662057985
116.24487 0.5293969106608478
116.24487 0.6957623427038708
121.58003 0.5962196277487922
123.80301 0.5578533297192579
126.47059 0.16487671801322656
142.03146 0.7073432527569015
144.25445 0.5536517107978819
149.5896 0.5066275313546031
152.25718 0.4553946595574207
157.14774 0.6538921209987832
162.4829 0.1481433799020642
162.4829 0.5081058787528651
170.04104 0.4724699256789724
172.70862 0.503904259831489
177.59918 0.46529039166348984
180.26676 0.43262528025117614
187.8249 0.1315205091919707
195.82763 0.6094356828088419
200.71819 0.42123705388179
208.27633 0.46108169930958626
216.27907 0.41281966917398283
218.50205 0.11545657055594204
218.50205 0.6156363705255395
221.16963 0.1142282390067435
226.50479 0.42841658789727255
238.95349 0.5123145711067686
241.62107 0.5506808691363029
246.95622 0.5975484347489417
251.84679 0.40416178776023837
251.84679 0.42841658789727255
251.84679 0.4682612333250688
257.18194 0.11679536950620943
259.40492 0.5863168222101957
259.40492 0.6276468884687814
262.0725 0.5174224625706104
262.0725 0.5323606788898991
269.63064 0.37272745360772164
269.63064 0.3969822537447558
290.08208 0.3700041820846076
290.08208 0.4636649928056226
298.08482 0.38354681043598066
302.97538 0.4113413217757209
305.64295 0.09426001968816163
308.31053 0.5266736391377337
310.53352 0.39425898222164174
310.53352 0.4766786180328759
328.76197 0.36134630067086315
341.21067 0.34302611042445935
343.87825 0.08020427947753406
346.54583 0.3447769325892419
366.99726 0.3358536498415044
374.5554 0.3003204943993006
379.89056 0.06670417380661108
379.89056 0.3158075420583738
418.12585 0.2558718460180486
425.68399 0.29872520250429463
459.02873 0.05577284740233415
469.25445 0.23777612043276145
471.92202 0.30441931568898767
484.81532 0.3034286280663387
487.0383 0.4016347462125785
502.59918 0.4874472787341124
502.59918 0.6156363705255395
512.8249 0.36851876125381805
512.8249 0.6895538651784838
515.49248 0.42693116706648304
520.38304 0.7789808689318616
538.16689 0.5561923404173491
538.16689 0.6869676486936301
540.83447 0.2930381627521291
540.83447 0.32595084430290777
543.50205 0.34219071610438817
543.50205 0.45797843246242004
551.06019 0.2527715021596998
566.62107 0.19021933838447128
579.51436 0.04294214120654486
589.74008 0.2717471308441464
602.18878 0.16075828192146827
625.3078 0.25194859319948076
640.86867 0.15765793806311945
666.21067 0.2474994041396398
668.87825 0.03658449495995484
673.76881 0.27323255167493593
679.10397 0.12198840407472951
691.99726 0.38287782928478326
709.78112 0.2618513987380774
717.33926 0.15765793806311945
717.33926 0.20492441375620193
735.12312 0.1933274720515094
763.57729 0.20640983458699141
766.24487 0.24477613261652578
771.13543 0.15145725034642185
781.36115 0.17523174646622228
784.02873 0.3187713102874252
794.25445 0.2405674402626222
794.25445 0.3856011008078972
809.37073 0.24966336849266163
814.70588 0.17918419278837827
814.70588 0.37786025009277807
819.59644 0.4398904966858222
827.59918 0.04037665947425905
829.82216 0.5293175004391999
840.04788 0.5618789007605518
858.27633 0.1593856551437126
860.49932 0.4729738141893584
863.16689 0.31841621998458775
870.72503 0.27654599827950016
873.39261 0.37786025009277807
878.72777 0.1845327780412687
888.95349 0.15221319456075763
891.17647 0.1734971530362128
893.84405 0.14577069000321924
914.29549 0.045509271706010795
924.5212 0.14577069000321924
929.85636 0.1722593023438882
955.19836 0.09821390795492911
962.7565 0.15221319456075763
975.64979 0.04171545842452645
980.98495 0.08011818236964197
983.65253 0.16210892666682666
1008.99453 0.039707259999125354
1019.22025 0.08011818236964197
1026.77839 0.16359434749761617
1045.00684 0.14379580985295048
1047.22982 0.04187022170508756
1062.7907 0.0301130837779357
1090.80027 0.011887248059900208
1093.46785 0.1608710759745021
1116.58687 0.0301130837779357
1126.81259 0.03876987784673875
1141.92886 0.043611540681678565
1149.487 0.05967712808488736
1152.15458 0.1593856551437126
1154.82216 0.08321852622799077
1165.04788 0.14887103386156808
1180.60876 0.10586239433475239
1180.60876 0.11991813454537995
1185.49932 0.08790072467439147
1190.83447 0.13408599092425652
1190.83447 0.17833209032457106
1205.76835 0.0
1205.76835 0.0
1205.95075 0.12382241522793315
1208.61833 0.1692884606823092
1218.84405 0.09169453795587582
1223.73461 0.10775847659190449
1223.73461 0.16075828192146827
1236.62791 0.060346527560021054
1244.18605 0.04171545842452645
1246.85363 0.16210892666682666
1249.5212 0.07133127816809057
1254.78796 0.00019290576007547508
1254.78796 0.00023362
1267.30506 0.05833832913461995
1269.97264 0.04941355238856401
1271.31783 0.0005061715243006056
1271.31783 0.0006146700000000001
1274.8632 0.07886548052726666
1274.8632 0.1692884606823092
1282.86594 0.023774496119800415
1291.26767 0.0007831644105628262
1291.26767 0.00095085
1297.98222 0.09749490089558112
1305.54036 0.11545657055594204
1323.76881 0.10396631207760026
1323.76881 0.17646799469779179
1328.65937 0.07317558498863021
1333.99453 0.014987591918249017
1340.28728 0.0007304038607985937
1340.28728 0.0008853299999999999
1344.22025 0.0474053539631629
1356.66895 0.04755678204829015
1356.81715 0.0005985024863880124
1356.81715 0.00072507
1372.77702 0.00046000604325690213
1372.77702 0.00055769
1377.56498 0.18364045528074677
1379.78796 0.027547602045649894
1385.88691 0.00031821206576552726
1385.88691 0.00038533
1402.90698 0.01661462687419284
1405.83675 0.00016982301955362339
1405.83675 0.00020513
1412.1067 4.75586893109152e-05
1412.1067 5.769e-05
1418.46785 0.15517696278980903
1420.69083 0.03566953398838994
1438.91929 0.12523512290060942
1441.14227 0.0
1466.92886 0.029982973645187355
1482.04514 0.014049145141907034
1491.33607 2.7006806410566512e-05
1491.33607 3.276e-05
1492.27086 0.09528620957888219
1500.2736 0.03876987784673875
1535.84131 0.01349186183502233
1536.9357 0.00013563583207358082
1536.9357 0.00016453000000000003
1536.9357 0.0003314022032065854
1536.9357 0.00040171
1541.17647 0.06682271708794447
1561.62791 0.03876987784673875
1563.15549 0.00036767508116949526
1563.15549 0.00044657999999999997
1589.63748 0.03835922459700677
1605.19836 0.15221319456075763
1605.19836 0.3059047365197772
1607.42134 0.03256140032135181
1610.08892 0.3969822537447558
1619.01505 0.0002060958975165332
1619.01505 0.00025
1619.01505 0.00030337316114433687
1619.01505 0.00036895
1625.64979 0.016057343567308136
1627.87278 0.09949490193278576
1638.39489 0.00011508394917323215
1638.39489 0.0001396
1656.32695 0.05692698498187543
1663.88509 0.023774496119800415
1684.56452 3.053516817604956e-05
1684.56452 3.704e-05
1722.57182 0.015387944092174435
1722.57182 0.023774496119800415
1733.58413 9.51173786218304e-05
1733.58413 0.00011538
1743.84405 0.0002769928862622206
1743.84405 0.00033618
1763.27751 0.014622916120593065
1766.64387 0.000521010428921796
1766.64387 0.00063106
1783.17373 0.0006858871469350225
1783.17373 0.00083191
1786.59371 0.018087935776597827
1786.59371 0.034157605675630774
1810.27911 0.010771395987804092
1819.08345 0.0008243835900661328
1819.08345 0.001
1843.37207 0.010771395987804092
1854.99316 0.0005572833068847058
1854.99316 0.00067593
1854.99316 0.0007221600248979324
1854.99316 0.0008767800000000001
1865.73187 0.017075266121551604
1871.06703 0.006200687716697619
1895.64935 0.008637891256712939
1907.43274 0.000267100283181427
1907.43274 0.00032407000000000003
1932.42134 0.002723271523114071
1942.65095 0.0038515201327889723
1945.31464 0.006200687716697619
1963.29229 1.3503403205283256e-05
1963.29229 1.638e-05
1989.65254 0.0
1991.10807 0.014987591918249017
1996.44323 0.0
