50.0 0.22008755047743048
52.22298 0.6762402301076401
57.55814 0.010722952716342354
57.55814 0.11796653355305076
60.22572 0.01011040727054493
62.4487 0.031054635885344233
72.67442 0.055410735684321234
72.67442 0.6571902681050033
78.00958 0.08259093273258701
78.00958 0.4159184608652058
82.90014 0.3487770367468236
85.56772 0.5469478837365268
93.12585 0.11024239231444719
93.12585 0.4933260933181726
93.12585 0.628123559164639
101.12859 0.13259866955389088
108.68673 0.6762402301076401
116.24487 0.15224736094534033
116.24487 0.6276159683915794
116.24487 0.7146648151194752
121.58003 0.8048728306778263
123.80301 0.753079851278176
126.47059 0.17389761387246183
142.03146 0.9548853134153831
144.25445 0.7474078325164886
149.5896 0.6839270568806339
152.25718 0.6147647136299578
157.14774 0.5898467214385387
162.4829 0.15624874504054567
162.4829 0.6859227671856721
170.04104 0.6378156450958051
172.70862 0.6802507484239847
177.59918 0.628123559164639
180.26676 0.5840269553911166
187.8249 0.13871638760992408
195.82763 0.5497445647202124
200.71819 0.568653301845129
208.27633 0.6224419915498175
216.27907 0.5572901666154859
218.50205 0.12177354309033012
218.50205 0.5553379266875836
221.16963 0.12047800586698029
226.50479 0.5783453877762951
238.95349 0.6916043348004937
241.62107 0.743397314200144
246.95622 0.5390216120038701
251.84679 0.5456023703792816
251.84679 0.5783453877762951
251.84679 0.6321340774809836
257.18194 0.12318559171497451
259.40492 0.791504436290011
259.40492 0.8472983851528718
262.0725 0.46674357029987434
262.0725 0.7186657845826856
269.63064 0.5031672670511019
269.63064 0.5359102844481155
290.08208 0.4182513706304912
290.08208 0.4994909585944528
298.08482 0.34598035576313796
302.97538 0.5552944563104477
305.64295 0.09941726585088642
308.31053 0.710988506662826
310.53352 0.5322339759914662
310.53352 0.6434972127106267
328.76197 0.48780316235824844
341.21067 0.46307163274079
343.87825 0.08459249426825906
346.54583 0.31100778979378285
366.99726 0.45338909566275803
374.5554 0.2709056330754566
379.89056 0.07035375764438188
379.89056 0.42632764588056604
418.12585 0.23081050319377283
425.68399 0.40326716556158454
459.02873 0.058824345844637665
469.25445 0.2144871616734168
471.92202 0.4109539923345784
484.81532 0.2737093408957847
487.0383 0.36229667044685154
502.59918 0.43970430289981843
502.59918 0.5553379266875836
512.8249 0.4974856994362804
512.8249 0.6220155795875657
515.49248 0.5763401286181228
520.38304 0.7026836642426183
538.16689 0.5017161362692294
538.16689 0.6196826698222803
540.83447 0.39558988764172487
540.83447 0.4400207012749427
543.50205 0.30867488002849736
543.50205 0.41312177988152016
551.06019 0.2280138222100872
566.62107 0.17158832397140494
579.51436 0.04529163353308269
589.74008 0.3668478397079219
602.18878 0.14501282778974914
625.3078 0.3401205997854253
640.86867 0.1422161468060635
666.21067 0.3341143711640425
668.87825 0.03858614154216056
673.76881 0.3688530988660942
679.10397 0.11004026182039402
691.99726 0.5168698712986127
709.78112 0.3534889941732407
717.33926 0.1422161468060635
717.33926 0.27663982414957067
735.12312 0.17439203179173302
763.57729 0.27864508330774296
766.24487 0.33043806270739334
771.13543 0.13662278483869228
781.36115 0.158068690271377
784.02873 0.43032861534377653
794.25445 0.3247564950925718
794.25445 0.5205461797552619
809.37073 0.22521011438975916
814.70588 0.24189154759438483
814.70588 0.34085076501416683
819.59644 0.3968054651978065
827.59918 0.04258578666122718
829.82216 0.4774735498528591
840.04788 0.5068457270182006
858.27633 0.21516430767188827
860.49932 0.42664844041819056
863.16689 0.28722897459581265
870.72503 0.2494597276427719
873.39261 0.34085076501416683
878.72777 0.16645873322243385
888.95349 0.20548177059385628
891.17647 0.23421426967452516
893.84405 0.13149319408972115
914.29549 0.047999219381076916
924.5212 0.13149319408972115
929.85636 0.23254322037604824
955.19836 0.08859435638770931
962.7565 0.20548177059385628
975.64979 0.04399783528587157
980.98495 0.0722710148673533
983.65253 0.2188406161285375
1008.99453 0.04187976234890498
1019.22025 0.0722710148673533
1026.77839 0.22084587528670982
1045.00684 0.19411863536421323
1047.22982 0.037769246953040736
1062.7907 0.03176066019766643
1090.80027 0.010722952716342354
1093.46785 0.21716956683006056
1116.58687 0.03176066019766643
1126.81259 0.034972565969355114
1141.92886 0.04599765784540488
1149.487 0.06294224134113756
1152.15458 0.21516430767188827
1154.82216 0.07506769585103891
1165.04788 0.13428987507340678
1180.60876 0.11165444093909158
1180.60876 0.12647921252171893
1185.49932 0.09271003488382558
1190.83447 0.1414222344817796
1190.83447 0.16086537125506262
1205.76835 0.0
1205.76835 0.0
1205.95075 0.13059710801821883
1208.61833 0.2285327020597036
1218.84405 0.09671141897903092
1223.73461 0.11365426349862488
1223.73461 0.14501282778974914
1236.62791 0.06364826565345975
1244.18605 0.04399783528587157
1246.85363 0.2188406161285375
1249.5212 0.06434474313469656
1254.78796 0.00020346020823078034
1254.78796 0.00023362
1267.30506 0.06153019271649317
1269.97264 0.052117114877576816
1271.31783 0.0005338656745884578
1271.31783 0.0006146700000000001
1274.8632 0.08318044564361467
1274.8632 0.2285327020597036
1282.86594 0.02144590543268471
1291.26767 0.0008260136658941936
1291.26767 0.00095085
1297.98222 0.10282913703506412
1305.54036 0.12177354309033012
1323.76881 0.10965461837955826
1323.76881 0.23822478799086977
1328.65937 0.077179238988876
1333.99453 0.013519633700027976
1340.28728 0.0007703664294550059
1340.28728 0.0008853299999999999
1344.22025 0.04999904194061022
1356.66895 0.04289883770201185
1356.81715 0.0006312483383570365
1356.81715 0.00072507
1372.77702 0.0004851743427041685
1372.77702 0.00055769
1377.56498 0.24790732506890176
1379.78796 0.029054813325810922
1385.88691 0.00033562239477385135
1385.88691 0.00038533
1402.90698 0.017523662549927977
1405.83675 0.0001791145422886357
1405.83675 0.00020513
1412.1067 5.016076672151161e-05
1412.1067 5.769e-05
1418.46785 0.20948274005706674
1420.69083 0.03217588498566949
1438.91929 0.16906244474019358
1441.14227 0.0
1466.92886 0.02704629423669838
1482.04514 0.014817815678072471
1491.33607 2.8484429152309247e-05
1491.33607 3.276e-05
1492.27086 0.12863260057018625
1500.2736 0.034972565969355114
1535.84131 0.014230041743183552
1536.9357 0.00014305687205218073
1536.9357 0.00016453000000000003
1536.9357 0.0003495342038836483
1536.9357 0.00040171
1541.17647 0.09020801555835124
1561.62791 0.034972565969355114
1563.15549 0.00038779167893558995
1563.15549 0.00044657999999999997
1589.63748 0.051783430546516226
1605.19836 0.20548177059385628
1605.19836 0.41295925149275076
1607.42134 0.02937217716534144
1610.08892 0.5359102844481155
1619.01505 0.0002173720173405773
1619.01505 0.00025
1619.01505 0.0003199716095253298
1619.01505 0.00036895
1625.64979 0.016935888615039058
1627.87278 0.1343141681850078
1638.39489 0.00012138053448297836
1638.39489 0.0001396
1656.32695 0.07684917002367003
1663.88509 0.02144590543268471
1684.56452 3.220583808917993e-05
1684.56452 3.704e-05
1722.57182 0.016229864302716862
1722.57182 0.02144590543268471
1733.58413 0.00010032153344302322
1733.58413 0.00011538
1743.84405 0.0002921479913057359
1743.84405 0.00033618
1763.27751 0.01542297937434864
1766.64387 0.0005495164598369794
1766.64387 0.00063106
1783.17373 0.0007234140737094411
1783.17373 0.00083191
1786.59371 0.016316314683713598
1786.59371 0.046111411784828846
1810.27911 0.01136073111428793
1819.08345 0.0008694880693623092
1819.08345 0.001
1843.37207 0.01136073111428793
1854.99316 0.000587773934888921
1854.99316 0.00067593
1854.99316 0.0007616715487613829
1854.99316 0.0008767800000000001
1865.73187 0.02305093146584735
1871.06703 0.005593361967371242
1895.64935 0.009110495990778275
1907.43274 0.0002817141344733882
1907.43274 0.00032407000000000003
1932.42134 0.003676308456649225
1942.65095 0.004062248260060708
1945.31464 0.005593361967371242
1963.29229 1.4242214576154623e-05
1963.29229 1.638e-05
1989.65254 0.0
1991.10807 0.013519633700027976
1996.44323 0.0
