50.0 0.014886248190457746
52.22298 0.6274010675676863
57.55814 0.0007252774412898221
57.55814 0.007979002414399434
60.22572 0.011507168302763106
62.4487 0.03534485922785407
72.67442 0.06306577413127686
72.67442 0.6097269246145588
78.00958 0.028131829456058043
78.00958 0.0940009376283851
82.90014 0.023590528046147002
85.56772 0.03699437758694357
93.12585 0.03336751510038877
93.12585 0.12547246896347905
93.12585 0.5827594603793108
101.12859 0.15091728418541275
108.68673 0.6274010675676863
116.24487 0.04245059320031655
116.24487 0.17328045836032163
116.24487 0.6630505669378042
121.58003 0.7467436137940423
123.80301 0.6986912070883965
126.47059 0.19792171143383397
142.03146 0.8859219525377178
144.25445 0.6934288306903225
149.5896 0.6345327392856149
152.25718 0.5703654122633081
157.14774 0.039895962632208556
162.4829 0.17783463694041415
162.4829 0.6363843161664188
170.04104 0.5917515681975686
172.70862 0.6311219397683447
177.59918 0.5827594603793108
180.26676 0.541847584611119
187.8249 0.15788016999365503
195.82763 0.03718353906900999
200.71819 0.5275842411752617
208.27633 0.5774882247617114
216.27907 0.5170417699400629
218.50205 0.037561862033142816
218.50205 0.13859665764865658
221.16963 0.13712214089847452
226.50479 0.5365763489935196
238.95349 0.6416555517840182
241.62107 0.689707958489664
246.95622 0.036458261627720166
251.84679 0.5061980852410012
251.84679 0.5365763489935196
251.84679 0.5864803325799692
257.18194 0.14020378194549932
259.40492 0.7343407064585142
259.40492 0.786105126145293
262.0725 0.03156953046054643
262.0725 0.6667625799189371
269.63064 0.46682771367022496
269.63064 0.49720597742274336
290.08208 0.02828962245114862
290.08208 0.46341691415295483
298.08482 0.023401366564080584
302.97538 0.5151901930592591
305.64295 0.11315184242672288
308.31053 0.6596397674205339
310.53352 0.4937951779054731
310.53352 0.597022803815168
328.76197 0.45257322945389317
341.21067 0.42962785088316624
343.87825 0.09627901652698853
346.54583 0.02103589747803901
366.99726 0.4206446022844338
374.5554 0.018323473914840443
379.89056 0.0800731867947862
379.89056 0.39553757414951485
418.12585 0.015611525631747569
425.68399 0.37414255899572896
459.02873 0.06695097732672302
469.25445 0.014507449946219223
471.92202 0.38127423071365757
484.81532 0.01851311067701255
487.0383 0.024504966969503238
502.59918 0.029740652613833962
502.59918 0.037561862033142816
512.8249 0.04207179495607802
512.8249 0.46155647805262556
515.49248 0.5347159128931903
520.38304 0.047528010569450996
538.16689 0.03393499954658801
538.16689 0.04191400196098744
540.83447 0.3670197464973257
540.83447 0.4082416949489057
543.50205 0.020878104482948433
543.50205 0.027942667973991628
551.06019 0.015422364149681154
566.62107 0.011605864900954239
579.51436 0.05154870974294206
589.74008 0.3403534957259404
602.18878 0.009808355541217601
625.3078 0.3155565402744097
640.86867 0.009619194059151187
666.21067 0.30998409119294745
668.87825 0.04391684855005342
673.76881 0.34221393182626964
679.10397 0.0074428864551760255
691.99726 0.4795406936891413
709.78112 0.3279594476099378
717.33926 0.009619194059151187
717.33926 0.25666044886970224
735.12312 0.011795501663126349
763.57729 0.25852088497003145
766.24487 0.30657329167567726
771.13543 0.009240871095018357
781.36115 0.010691425977598002
784.02873 0.3992495871306479
794.25445 0.3013020560580778
794.25445 0.48295149320641145
809.37073 0.015232727387509044
814.70588 0.023054412086923593
814.70588 0.22442174901685466
819.59644 0.026839067568568978
827.59918 0.0484690479130316
829.82216 0.03229528318194195
840.04788 0.034281954023745
858.27633 0.19962479356532395
860.49932 0.028857582177453562
863.16689 0.019427549600368788
870.72503 0.0168729190322608
873.39261 0.023054412086923593
878.72777 0.011258910423797246
888.95349 0.19064154496659147
891.17647 0.21729893651845142
893.84405 0.008893916617861364
914.29549 0.05463035078996685
924.5212 0.008893916617861364
929.85636 0.2157485731015104
955.19836 0.005992331572596382
962.7565 0.19064154496659147
975.64979 0.050076172209874335
980.98495 0.004888255887068035
983.65253 0.20303559308259417
1008.99453 0.04766548576461023
1019.22025 0.004888255887068035
1026.77839 0.20489602918292338
1045.00684 0.18009907373139264
1047.22982 0.0025546305681079908
1062.7907 0.036148421376275434
1090.80027 0.0007252774412898221
1093.46785 0.20148522966565316
1116.58687 0.036148421376275434
1126.81259 0.002365469086041576
1141.92886 0.052352271891363426
1149.487 0.07163776345347621
1152.15458 0.19962479356532395
1154.82216 0.0050774173691344494
1165.04788 0.00908307809992778
1180.60876 0.12707959326032178
1180.60876 0.1439524191600561
1185.49932 0.1055180020167199
1190.83447 0.010880587459664416
1190.83447 0.1609598318235655
1205.76835 0.0
1205.76835 0.0
1205.95075 0.14863920528680932
1208.61833 0.212027700900852
1218.84405 0.11007218059681241
1223.73461 0.009808355541217601
1223.73461 0.12935569294181087
1236.62791 0.07244132560189757
1244.18605 0.050076172209874335
1246.85363 0.20303559308259417
1249.5212 0.004352139927844628
1254.78796 0.00023156840237758576
1254.78796 0.00023362
1267.30506 0.07003063915663348
1269.97264 0.05931713691672005
1271.31783 0.0006076196541018702
1271.31783 0.0006146700000000001
1274.8632 0.0946718922301458
1274.8632 0.212027700900852
1282.86594 0.0014505548825796443
1291.26767 0.0009401281293107114
1291.26767 0.00095085
1297.98222 0.11703506640505469
1305.54036 0.13859665764865658
1323.76881 0.12480349357883268
1323.76881 0.22101980871910984
1328.65937 0.08784161396856419
1333.99453 0.0009144389233562371
1340.28728 0.0008767931816518845
1340.28728 0.0008853299999999999
1344.22025 0.05690645047145594
1356.66895 0.002901585045264983
1356.81715 0.0007184558125048173
1356.81715 0.00072507
1372.77702 0.0005522015749003968
1372.77702 0.00055769
1377.56498 0.2300030573178423
1379.78796 0.033068759546364984
1385.88691 0.0003819889030672996
1385.88691 0.00038533
1402.90698 0.01994457086118745
1405.83675 0.000203859362776849
1405.83675 0.00020513
1412.1067 5.709051766308941e-05
1412.1067 5.769e-05
1418.46785 0.19435355794772452
1420.69083 0.002176307603975161
1438.91929 0.15685248169680294
1441.14227 0.0
1466.92886 0.001829353126818169
1482.04514 0.016864909031276992
1491.33607 3.2419576332862005e-05
1491.33607 3.276e-05
1492.27086 0.11934254622635596
1500.2736 0.002365469086041576
1535.84131 0.016195933646630634
1536.9357 0.00016282029591104352
1536.9357 0.00016453000000000003
1536.9357 0.0003978226399820063
1536.9357 0.00040171
1541.17647 0.0836930468562382
1561.62791 0.002365469086041576
1563.15549 0.0004413654164974498
1563.15549 0.00044657999999999997
1589.63748 0.048043547486120435
1605.19836 0.19064154496659147
1605.19836 0.38313466681398683
1607.42134 0.0019866708418030516
1610.08892 0.49720597742274336
1619.01505 0.00024740213929229246
1619.01505 0.00025
1619.01505 0.0003641759490382545
1619.01505 0.00036895
1625.64979 0.01927559547654109
1627.87278 0.12461378184395538
1638.39489 0.00013814935458081613
1638.39489 0.0001396
1656.32695 0.07129899874023553
1663.88509 0.0014505548825796443
1684.56452 3.665510095754605e-05
1684.56452 3.704e-05
1722.57182 0.0014505548825796443
1722.57182 0.018472033328119725
1733.58413 0.00011418103532617881
1733.58413 0.00011538
1743.84405 0.0003325084752088411
1743.84405 0.00033618
1763.27751 0.017553676587066736
1766.64387 0.0006254326081309154
1766.64387 0.00063106
1783.17373 0.0008233543195647492
1783.17373 0.00083191
1786.59371 0.0011036004054226522
1786.59371 0.04278117108804639
1810.27911 0.012930225407972373
1819.08345 0.0009896085571691699
1819.08345 0.001
1843.37207 0.012930225407972373
1854.99316 0.0006689753846463589
1854.99316 0.00067593
1854.99316 0.0008668970960801928
1854.99316 0.0008767800000000001
1865.73187 0.02138615593426051
1871.06703 0.00037832296413282994
1895.64935 0.01036911846201856
1907.43274 0.000320633172522811
1907.43274 0.00032407000000000003
1932.42134 0.0034107995172702136
1942.65095 0.0046234511790943615
1945.31464 0.00037832296413282994
1963.29229 1.6209788166431002e-05
1963.29229 1.638e-05
1989.65254 0.0
1991.10807 0.0009144389233562371
1996.44323 0.0
