50.0 0.03248946969809474
52.22298 0.6964945057995947
57.55814 0.0015829293687715136
57.55814 0.017414297669027634
60.22572 0.040007980397474316
62.4487 0.12288656930479813
72.67442 0.21926630329981453
72.67442 0.6768739726224785
78.00958 0.061398158150449474
78.00958 0.32682129704121865
82.90014 0.05148669673589389
85.56772 0.08074080817632262
93.12585 0.07282512402619455
93.12585 0.4362411278462134
93.12585 0.6469366778900767
101.12859 0.524707346626731
108.68673 0.6964945057995947
116.24487 0.0926490841615762
116.24487 0.6024593539385752
116.24487 0.7360699571804046
121.58003 0.8289798203003126
123.80301 0.7756355737074915
126.47059 0.688131757782496
142.03146 0.9834853722865258
144.25445 0.7697936705961094
149.5896 0.7044115630465012
152.25718 0.6331777175317882
157.14774 0.08707356295767917
162.4829 0.6182932656851505
162.4829 0.7064670474745801
170.04104 0.656919054418785
172.70862 0.7006251443631981
177.59918 0.6469366778900767
180.26676 0.6015193233978849
187.8249 0.5489158218655192
195.82763 0.08115365607197862
200.71819 0.5856852089040718
208.27633 0.6410849399249718
216.27907 0.5739817329738622
218.50205 0.08197935186329063
218.50205 0.48187114470477066
221.16963 0.4767445631092911
226.50479 0.5956675854327801
238.95349 0.712318785439685
241.62107 0.7656630320325061
246.95622 0.07957072670320711
251.84679 0.5619438720170751
251.84679 0.5956675854327801
251.84679 0.6510673164536801
257.18194 0.48745877457796455
259.40492 0.8152110250883012
259.40492 0.8726760753910029
262.0725 0.06890099440492153
262.0725 0.740190760890285
269.63064 0.5182377820726618
269.63064 0.5519614954883668
290.08208 0.06174254383225297
290.08208 0.5144513633893588
298.08482 0.051073848840237884
302.97538 0.5719262485457833
305.64295 0.39340492592425297
308.31053 0.7322835384971014
310.53352 0.5481750768050637
310.53352 0.6627707923838898
328.76197 0.5024135024325718
341.21067 0.47694123129035065
343.87825 0.3347416935732952
346.54583 0.04591117553199685
366.99726 0.4669686896153653
374.5554 0.039991268646296305
379.89056 0.2783974652460644
379.89056 0.43909671416476515
418.12585 0.03407239906686626
425.68399 0.41534554242404553
459.02873 0.23277432970508494
469.25445 0.03166273660051225
471.92202 0.4232625996709521
484.81532 0.040405153848222804
487.0383 0.05348247400032141
502.59918 0.0649094398760665
502.59918 0.08197935186329063
512.8249 0.0918223510639937
512.8249 0.5123860441075571
515.49248 0.5936022661509784
520.38304 0.10373062704924729
538.16689 0.07406366771316257
538.16689 0.0914779653821902
540.83447 0.4074383200308619
540.83447 0.45319989440335395
543.50205 0.04556678985019335
543.50205 0.060985310254793465
551.06019 0.03365955117121026
566.62107 0.025329981819155696
579.51436 0.1792239163144511
589.74008 0.3778354103250375
602.18878 0.021406889504153162
625.3078 0.35030765475473763
640.86867 0.020994041608497157
666.21067 0.3441215317630554
668.87825 0.15268955573435805
673.76881 0.3799007296068392
679.10397 0.016244216195912126
691.99726 0.5323507971649736
709.78112 0.364076449966749
717.33926 0.020994041608497157
717.33926 0.2849255472051294
735.12312 0.025743867021082195
763.57729 0.2869908664869311
766.24487 0.3403351130797523
771.13543 0.02016834581718515
781.36115 0.02333420455472818
784.02873 0.4432175178746457
794.25445 0.33448337511464743
794.25445 0.5361372158482767
809.37073 0.03324566596928376
814.70588 0.050316615262778384
814.70588 0.2491365145076227
819.59644 0.058576685094709945
827.59918 0.16851658616335544
829.82216 0.07048496107996353
840.04788 0.07482090129062208
858.27633 0.22160875893732285
860.49932 0.06298212482549148
863.16689 0.04240093111265032
870.72503 0.03682540990875328
873.39261 0.050316615262778384
878.72777 0.02457274824169619
888.95349 0.21163621726233747
891.17647 0.24122929211443903
893.84405 0.019411112239725643
914.29549 0.18993812778312455
924.5212 0.019411112239725643
929.85636 0.2395081927129376
955.19836 0.013078357458369098
962.7565 0.21163621726233747
975.64979 0.17410421603654933
980.98495 0.010668694992015084
983.65253 0.22539517762062597
1008.99453 0.16572277122675852
1019.22025 0.010668694992015084
1026.77839 0.2274604969024277
1045.00684 0.19993274133212782
1047.22982 0.0055755212038970416
1062.7907 0.12568038424139508
1090.80027 0.0015829293687715136
1093.46785 0.22367407821912455
1116.58687 0.12568038424139508
1126.81259 0.005162673308241038
1141.92886 0.18201773125104803
1149.487 0.24906928972937442
1152.15458 0.22160875893732285
1154.82216 0.011081542887671087
1165.04788 0.019823960135381652
1180.60876 0.4418287577194072
1180.60876 0.5004919900703649
1185.49932 0.3668636840265821
1190.83447 0.023747052450384182
1190.83447 0.5596231520166149
1205.76835 0.0
1205.76835 0.0
1205.95075 0.5167869500946545
1208.61833 0.2353775541493342
1218.84405 0.3826975957731573
1223.73461 0.021406889504153162
1223.73461 0.4497422729339059
1236.62791 0.2518631046659714
1244.18605 0.17410421603654933
1246.85363 0.22539517762062597
1249.5212 0.009498613518899574
1254.78796 0.00023362
1254.78796 0.0008051141566055203
1267.30506 0.24348165985618056
1269.97264 0.20623308780741406
1271.31783 0.0006146700000000001
1271.31783 0.0021125644963922627
1274.8632 0.2353775541493342
1274.8632 0.3291540637001013
1282.86594 0.003165858737543027
1291.26767 0.00095085
1291.26767 0.003268625849466856
1297.98222 0.40690607101194554
1305.54036 0.48187114470477066
1323.76881 0.24535993067804246
1323.76881 0.4339152425049085
1328.65937 0.3054066367390274
1333.99453 0.001995777264427518
1340.28728 0.0008853299999999999
1340.28728 0.0030484236869764572
1344.22025 0.19785164299762326
1356.66895 0.0063327547813565475
1356.81715 0.00072507
1356.81715 0.0024979182807504607
1372.77702 0.00055769
1372.77702 0.0019198876042131638
1377.56498 0.25533247235302786
1379.78796 0.11497305409029944
1385.88691 0.00038533
1385.88691 0.0013280942925202174
1402.90698 0.06934303723174212
1405.83675 0.00020513
1405.83675 0.000708775710515971
1412.1067 5.769e-05
1412.1067 0.00019849160553236098
1418.46785 0.21575702097221802
1420.69083 0.004749825412585033
1438.91929 0.1741260851633294
1441.14227 0.0
1466.92886 0.003992591835125529
1482.04514 0.058635707080646485
1491.33607 3.276e-05
1491.33607 0.00011271598192477285
1492.27086 0.13248531450071788
1500.2736 0.005162673308241038
1535.84131 0.056309821739341646
1536.9357 0.00016453000000000003
1536.9357 0.00040171
1536.9357 0.0005660915905397703
1536.9357 0.001383144833142817
1541.17647 0.09290986311990809
1561.62791 0.005162673308241038
1563.15549 0.00044657999999999997
1563.15549 0.0015345338198549663
1589.63748 0.053334411739098295
1605.19836 0.21163621726233747
1605.19836 0.42532791895275385
1607.42134 0.0043359402106585366
1610.08892 0.5519614954883668
1619.01505 0.00025
1619.01505 0.00036895
1619.01505 0.00086016469722812
1619.01505 0.0012661624343197927
1625.64979 0.06701715189043729
1627.87278 0.13833705246582273
1638.39489 0.0001396
1638.39489 0.00048031596693218226
1656.32695 0.0791509027616196
1663.88509 0.003165858737543027
1684.56452 3.704e-05
1684.56452 0.00012744200154131825
1722.57182 0.003165858737543027
1722.57182 0.06422333695384035
1733.58413 0.00011538
1733.58413 0.00039698321106472196
1743.84405 0.00033618
1743.84405 0.0011560613530745933
1763.27751 0.06103040559772958
1766.64387 0.00063106
1766.64387 0.0021744963545926874
1783.17373 0.00083191
1783.17373 0.0028626281123751833
1786.59371 0.002408625160083522
1786.59371 0.047492508627716326
1810.27911 0.044955647735930464
1819.08345 0.001
1819.08345 0.00344065878891248
1843.37207 0.044955647735930464
1854.99316 0.00067593
1854.99316 0.0008767800000000001
1854.99316 0.0023258853413048366
1854.99316 0.003014017099087333
1865.73187 0.023741336886996735
1871.06703 0.0008256957913120084
1895.64935 0.03605122279022496
1907.43274 0.00032407000000000003
1907.43274 0.0011147734476076436
1932.42134 0.0037864186833031243
1942.65095 0.016074757861799106
1945.31464 0.0008256957913120084
1963.29229 1.638e-05
1963.29229 5.6357990962386425e-05
1989.65254 0.0
1991.10807 0.001995777264427518
1996.44323 0.0
