50.0 0.29981878067203915
52.22298 0.25736835314921985
57.55814 0.01460756231619462
57.55814 0.1607023303828803
60.22572 0.02985483065061318
62.4487 0.09170064770530618
72.67442 0.16362131473187794
72.67442 0.25011818208590786
78.00958 0.2438812051806368
78.00958 0.5665934557638005
82.90014 0.4751286733711141
85.56772 0.7450909751019926
93.12585 0.2390557656865486
93.12585 0.3255326778630242
93.12585 0.6720435910686499
101.12859 0.39154810662881073
108.68673 0.25736835314921985
116.24487 0.27199225708845176
116.24487 0.4495683562884733
116.24487 0.8549827283063925
121.58003 0.30632427013863145
123.80301 0.28661252685672456
126.47059 0.5134989791987131
142.03146 0.3634170959053642
144.25445 0.28445382930704666
149.5896 0.26029386077125805
152.25718 0.23397156051483253
157.14774 0.8035307968191409
162.4829 0.2610534025017003
162.4829 0.46138396779983576
170.04104 0.24274444920998803
172.70862 0.2588947049520224
177.59918 0.2390557656865486
180.26676 0.22227316419763887
187.8249 0.4096130007170215
195.82763 0.7489008111451416
200.71819 0.21642214895356252
208.27633 0.23689343396591167
216.27907 0.21209748551228866
218.50205 0.35958279517369085
218.50205 0.7565204832314397
221.16963 0.3557572277786605
226.50479 0.22011083247700194
238.95349 0.2632157342223372
241.62107 0.28292747750424413
246.95622 0.7342932488289471
251.84679 0.207649260258407
251.84679 0.22011083247700194
251.84679 0.2405821174893511
257.18194 0.3637524068847844
259.40492 0.30123643079595636
259.40492 0.3224708917097068
262.0725 0.2735149747202952
262.0725 0.6358310037539943
269.63064 0.19149900451637258
269.63064 0.20396057673496756
290.08208 0.19009984869713697
290.08208 0.5697715099505479
298.08482 0.471318837327965
302.97538 0.21133794378184645
305.64295 0.29356736640790426
308.31053 0.2705931012692161
310.53352 0.2025614209157319
310.53352 0.24490678093062496
328.76197 0.1856516234432553
341.21067 0.17623912065930636
343.87825 0.249791578431214
346.54583 0.42367674188386234
366.99726 0.17255407130682598
374.5554 0.36904675620986316
379.89056 0.16225483080886793
379.89056 0.20774628201442336
418.12585 0.31442634298823374
425.68399 0.15347830794275338
459.02873 0.1737012996935487
469.25445 0.29218953613337134
471.92202 0.15640381556479158
484.81532 0.372866164705382
487.0383 0.4935460717304577
502.59918 0.598996207035307
502.59918 0.7565204832314397
512.8249 0.18933667279573568
512.8249 0.8473534837677247
515.49248 0.21934765657560068
520.38304 0.9572452369721246
538.16689 0.683473099198097
538.16689 0.8441754295809772
540.83447 0.15055643449167427
540.83447 0.16746623196415086
543.50205 0.4204986876971149
543.50205 0.5627836197206515
551.06019 0.3106165069450847
566.62107 0.2337497144162231
579.51436 0.13374080913230485
589.74008 0.13961757990492282
602.18878 0.19754669955393736
625.3078 0.12944553539053166
640.86867 0.19373686351078828
666.21067 0.12715964185728693
668.87825 0.11394028849440245
673.76881 0.1403807558063241
679.10397 0.1499046041098347
691.99726 0.1967140398426146
709.78112 0.13453337473320678
717.33926 0.10528556685474307
717.33926 0.19373686351078828
735.12312 0.2375691229117419
763.57729 0.10604874275614433
766.24487 0.1257604860380513
771.13543 0.18611719142449018
781.36115 0.21533231605687944
784.02873 0.16377754844071143
794.25445 0.12359815431741437
794.25445 0.19811319566185023
809.37073 0.30679709844956593
814.70588 0.09206081873474685
814.70588 0.4643309470980685
819.59644 0.5405563853181587
827.59918 0.12575076501597285
829.82216 0.6504481385225587
840.04788 0.6904609894279935
858.27633 0.08188877422035572
860.49932 0.5812105905323649
863.16689 0.39128356306472567
870.72503 0.3398316315774739
873.39261 0.4643309470980685
878.72777 0.2267618241863266
888.95349 0.07820372486787532
891.17647 0.08913894528366773
893.84405 0.17912930119459367
914.29549 0.14173598823842878
924.5212 0.17912930119459367
929.85636 0.08850296536583334
955.19836 0.12068947947744547
962.7565 0.07820372486787532
975.64979 0.1299203767270664
980.98495 0.09845267262258302
983.65253 0.08328793003959137
1008.99453 0.12366595916042608
1019.22025 0.09845267262258302
1026.77839 0.08405110594099263
1045.00684 0.07387906142660149
1047.22982 0.0514519314872517
1062.7907 0.09378545356085297
1090.80027 0.01460756231619462
1093.46785 0.08265195012175698
1116.58687 0.09378545356085297
1126.81259 0.047642095444102646
1141.92886 0.13582561498785162
1149.487 0.1858609555209742
1152.15458 0.08188877422035572
1154.82216 0.10226250866573207
1165.04788 0.18293913723774274
1180.60876 0.32970228957411774
1180.60876 0.37347807755080803
1185.49932 0.27376171078020994
1190.83447 0.2191421521000285
1190.83447 0.4176030448333535
1205.76835 0.0
1205.76835 0.0
1205.95075 0.38563773337823354
1208.61833 0.08697661356303081
1218.84405 0.2855773222915723
1223.73461 0.19754669955393736
1223.73461 0.33560752783490294
1236.62791 0.187945761376521
1244.18605 0.1299203767270664
1246.85363 0.08328793003959137
1249.5212 0.08765494634953745
1254.78796 0.00023362
1254.78796 0.0006007938056624944
1267.30506 0.18169134380988064
1269.97264 0.15389564406585435
1271.31783 0.0006146700000000001
1271.31783 0.0015764418661400493
1274.8632 0.08697661356303081
1274.8632 0.24562196672012043
1282.86594 0.02921512463238924
1291.26767 0.00095085
1291.26767 0.002439120151193887
1297.98222 0.303642216379783
1305.54036 0.35958279517369085
1323.76881 0.09066529708647027
1323.76881 0.32379705131333253
1328.65937 0.22790111694797285
1333.99453 0.018417398359343678
1340.28728 0.0008853299999999999
1340.28728 0.0022748004778502993
1344.22025 0.147641226499214
1356.66895 0.058439821717148205
1356.81715 0.00072507
1356.81715 0.0018640012944913286
1372.77702 0.00055769
1372.77702 0.0014326621519644095
1377.56498 0.09435034643895066
1379.78796 0.08579540944452099
1385.88691 0.00038533
1385.88691 0.0009910530298535163
1402.90698 0.05174529213385432
1405.83675 0.00020513
1405.83675 0.0005289039485746746
1412.1067 5.769e-05
1412.1067 0.0001481187805498688
1418.46785 0.07972644249971879
1420.69083 0.04383225940095358
1438.91929 0.06434299683004474
1441.14227 0.0
1466.92886 0.03684436917105708
1482.04514 0.04375524801752234
1491.33607 3.276e-05
1491.33607 8.41111327927492e-05
1492.27086 0.04895591698941161
1500.2736 0.047642095444102646
1535.84131 0.0420196214678307
1536.9357 0.00016453000000000003
1536.9357 0.00040171
1536.9357 0.0004224299352378213
1536.9357 0.0010321329481894133
1541.17647 0.03433201305017976
1561.62791 0.047642095444102646
1563.15549 0.00044657999999999997
1563.15549 0.0011451027236131304
1589.63748 0.0197081091109479
1605.19836 0.07820372486787532
1605.19836 0.15716699146619287
1607.42134 0.040012850905434806
1610.08892 0.20396057673496756
1619.01505 0.00025
1619.01505 0.00036895
1619.01505 0.0006418737239983915
1619.01505 0.0009448381217256322
1625.64979 0.05000966558416267
1627.87278 0.05111824871004853
1638.39489 0.0001396
1638.39489 0.0003584222874807018
1656.32695 0.02924780787846371
1663.88509 0.02921512463238924
1684.56452 3.704e-05
1684.56452 9.510001094760167e-05
1722.57182 0.02921512463238924
1722.57182 0.0479248597286159
1733.58413 0.00011538
1733.58413 0.0002962375610997376
1743.84405 0.00033618
1743.84405 0.000862678285053838
1763.27751 0.04554222446513387
1766.64387 0.00063106
1766.64387 0.0016226567742679335
1783.17373 0.00083191
1783.17373 0.0021361557534666465
1786.59371 0.017549411561270038
1786.59371 0.022227234402492736
1810.27911 0.03354688831105193
1819.08345 0.001
1819.08345 0.002567494895993566
1843.37207 0.03354688831105193
1854.99316 0.00067593
1854.99316 0.0008767800000000001
1854.99316 0.0017356265496916504
1854.99316 0.0022491255288903636
1865.73187 0.008772888695155492
1871.06703 0.007619672086298112
1895.64935 0.02690221152022058
1907.43274 0.00032407000000000003
1907.43274 0.0008318683463019152
1932.42134 0.0013991558192356522
1942.65095 0.011995336154081939
1945.31464 0.007619672086298112
1963.29229 1.638e-05
1963.29229 4.20555663963746e-05
1989.65254 0.0
1991.10807 0.018417398359343678
1996.44323 0.0
