50.0 0.0406085776617436
52.22298 0.2582842712500404
57.55814 0.0019785029057763394
57.55814 0.021766125021083348
60.22572 0.005151672966549852
62.4487 0.01582362845487569
72.67442 0.02823407420126324
72.67442 0.2510082984017393
78.00958 0.042083514942091275
78.00958 0.07674153800321201
82.90014 0.06435320558860329
85.56772 0.10091791001108318
93.12585 0.05617308354221326
93.12585 0.09102409895342968
93.12585 0.2399065132637803
101.12859 0.06756453652775933
108.68673 0.2582842712500404
116.24487 0.07757636192319221
116.24487 0.11580206031141894
116.24487 0.27296021848891927
121.58003 0.30741441172094924
123.80301 0.2876325186236135
126.47059 0.08860806616012817
142.03146 0.36471041846120444
144.25445 0.28546613873795396
149.5896 0.26122019011865305
152.25718 0.23480421450950803
157.14774 0.10883321816296035
162.4829 0.07961523352553677
162.4829 0.26198243489323697
170.04104 0.24360832401116153
172.70862 0.25981605500757743
177.59918 0.2399065132637803
180.26676 0.2230641861392419
187.8249 0.07068176829527265
195.82763 0.10143392846226207
200.71819 0.21719234840201648
208.27633 0.23773648627393612
216.27907 0.21285229442232814
218.50205 0.06204868440929136
218.50205 0.10246596536461984
221.16963 0.061388554316398405
226.50479 0.22089415914939772
238.95349 0.26415246188308117
241.62107 0.28393435498041686
246.95622 0.09945542555648573
251.84679 0.20838823890036298
251.84679 0.22089415914939772
251.84679 0.24143829702131736
257.18194 0.0627681819065116
259.40492 0.3023084658624923
259.40492 0.3236184956131805
262.0725 0.08611933060968663
262.0725 0.27448835514227166
269.63064 0.19218050790394706
269.63064 0.20468642815298177
290.08208 0.07717198555545168
290.08208 0.19077637279287146
298.08482 0.0638371871374244
302.97538 0.21209004964774422
305.64295 0.05065723142374528
308.31053 0.2715560833778436
310.53352 0.20328229304190612
310.53352 0.2457783510010057
328.76197 0.1863123172709063
341.21067 0.1768663174327611
343.87825 0.04310339378359435
346.54583 0.05738436344014468
366.99726 0.1731681537895645
374.5554 0.049985073739446405
379.89056 0.03584816532640305
379.89056 0.16283226053037395
418.12585 0.04258708056751993
425.68399 0.15402450392453584
459.02873 0.029973450539986558
469.25445 0.039575244230614016
471.92202 0.15696042279314854
484.81532 0.05050238871939709
487.0383 0.0668477269455585
502.59918 0.08113028789577617
502.59918 0.10246596536461984
512.8249 0.11476872688028936
512.8249 0.19001048091410289
515.49248 0.22012826727062917
520.38304 0.12965287718062513
538.16689 0.09257215430696633
538.16689 0.11433827932804969
540.83447 0.15109223216010778
540.83447 0.16806220793110763
543.50205 0.05695391588790501
543.50205 0.07622551955203312
551.06019 0.04207106211634105
566.62107 0.03165993607873685
579.51436 0.023077970831405385
589.74008 0.14011444856442554
602.18878 0.026756464263765607
625.3078 0.12990620395169641
640.86867 0.026240445812586718
666.21067 0.12761217541957542
668.87825 0.01966124380027084
673.76881 0.14088034044319406
679.10397 0.020303640566485894
691.99726 0.19741410240886537
709.78112 0.13501214981015328
717.33926 0.026240445812586718
717.33926 0.10566025533239555
735.12312 0.032177251058687545
763.57729 0.10642614721116407
766.24487 0.1262080403084998
771.13543 0.025208408910228942
781.36115 0.029165414721781625
784.02873 0.1643603971837264
794.25445 0.12403801331865563
794.25445 0.198818237519941
809.37073 0.04155374713639035
814.70588 0.06289072113400583
814.70588 0.0923884432045923
819.59644 0.07321497974389901
827.59918 0.021699229321953787
829.82216 0.08809913004423477
840.04788 0.09351862031038491
858.27633 0.0821801985918632
860.49932 0.07872133743776015
863.16689 0.05299691007635233
870.72503 0.046028067927893726
873.39261 0.06289072113400583
878.72777 0.030713470075318286
888.95349 0.07848203494866658
891.17647 0.08945617144016423
893.84405 0.02426194290681038
914.29549 0.024457598421518578
924.5212 0.02426194290681038
929.85636 0.08881792820785711
955.19836 0.016346634754933215
962.7565 0.07848203494866658
975.64979 0.02241872681917403
980.98495 0.013334798418027293
983.65253 0.08358433370293883
1008.99453 0.02133948057334367
1019.22025 0.013334798418027293
1026.77839 0.08435022558170736
1045.00684 0.07414198096897825
1047.22982 0.006968842148458601
1062.7907 0.01618337720348581
1090.80027 0.0019785029057763394
1093.46785 0.08294609047063173
1116.58687 0.01618337720348581
1126.81259 0.006452823697279713
1141.92886 0.023437719580015504
1149.487 0.03207168954665839
1152.15458 0.0821801985918632
1154.82216 0.013850816869206181
1165.04788 0.024777961357989268
1180.60876 0.056892581039433496
1180.60876 0.06444641867958442
1185.49932 0.04723961831194913
1190.83447 0.02968143317296051
1190.83447 0.07206050980472424
1205.76835 0.0
1205.76835 0.0
1205.95075 0.06654465768625625
1208.61833 0.08728614445032006
1218.84405 0.04927848991429368
1223.73461 0.026756464263765607
1223.73461 0.05791157380027497
1236.62791 0.03243143829526851
1244.18605 0.02241872681917403
1246.85363 0.08358433370293883
1249.5212 0.011872313963429842
1254.78796 0.00010367143740734997
1254.78796 0.00023362
1267.30506 0.03135219204943815
1269.97264 0.026555837428190416
1271.31783 0.0002720267631115935
1271.31783 0.0006146700000000001
1274.8632 0.04238389628637411
1274.8632 0.08728614445032006
1282.86594 0.003957005811552679
1291.26767 0.0004208883142606088
1291.26767 0.00095085
1297.98222 0.052395721681806985
1305.54036 0.06204868440929136
1323.76881 0.05587358827859202
1323.76881 0.09098795519770128
1328.65937 0.039326031923188086
1333.99453 0.0024945213569552275
1340.28728 0.0003925337330893678
1340.28728 0.0008853299999999999
1344.22025 0.025476591182360054
1356.66895 0.007915308151877165
1356.81715 0.00032164728016126527
1356.81715 0.00072507
1372.77702 0.0002472165045867576
1372.77702 0.00055769
1377.56498 0.0946861188408979
1379.78796 0.014804635694034216
1385.88691 0.00017101356768904738
1385.88691 0.00038533
1402.90698 0.008929034826956115
1405.83675 9.126630814493203e-05
1405.83675 0.00020513
1412.1067 2.555899668388897e-05
1412.1067 5.769e-05
1418.46785 0.08001017160201902
1420.69083 0.0059368052461008245
1438.91929 0.06457197958855625
1441.14227 0.0
1466.92886 0.004990339242682261
1482.04514 0.007550293317504521
1491.33607 1.4514001237028995e-05
1491.33607 3.276e-05
1492.27086 0.04913014047090885
1500.2736 0.006452823697279713
1535.84131 0.007250798053883289
1536.9357 7.289342562662944e-05
1536.9357 0.00016453000000000003
1536.9357 0.00017810221298185762
1536.9357 0.00040171
1541.17647 0.034454193232029987
1561.62791 0.006452823697279713
1563.15549 0.00019759598753708586
1563.15549 0.00044657999999999997
1589.63748 0.019778245993151117
1605.19836 0.07848203494866658
1605.19836 0.15772631467191708
1607.42134 0.00541949026615013
1610.08892 0.20468642815298177
1619.01505 0.00011076008270016021
1619.01505 0.00016303884173463586
1619.01505 0.00025
1619.01505 0.00036895
1625.64979 0.008629539563334883
1627.87278 0.05130016746075302
1638.39489 6.184843017976947e-05
1638.39489 0.0001396
1656.32695 0.029351894477757733
1663.88509 0.003957005811552679
1684.56452 1.641021385285574e-05
1684.56452 3.704e-05
1722.57182 0.003957005811552679
1722.57182 0.008269790814724762
1733.58413 5.111799336777794e-05
1733.58413 0.00011538
1743.84405 0.00014886155114901534
1743.84405 0.00033618
1763.27751 0.007858649387741768
1766.64387 0.000280001489066005
1766.64387 0.00063106
1783.17373 0.0003686095552261332
1783.17373 0.00083191
1786.59371 0.0030105398081341156
1786.59371 0.01761186610749156
1810.27911 0.005788764962241174
1819.08345 0.00044304033080064085
1819.08345 0.001
1843.37207 0.005788764962241174
1854.99316 0.00029949526362123323
1854.99316 0.00038810332978136145
1854.99316 0.00067593
1854.99316 0.0008767800000000001
1865.73187 0.008804109501653477
1871.06703 0.001032036902357776
1895.64935 0.004642176586129115
1907.43274 0.00014354506717940762
1907.43274 0.00032407000000000003
1932.42134 0.0014041351110756371
1942.65095 0.002069884425500594
1945.31464 0.001032036902357776
1963.29229 7.257000618514498e-06
1963.29229 1.638e-05
1989.65254 0.0
1991.10807 0.0024945213569552275
1996.44323 0.0
