50.0 0.29379760456694337
52.22298 0.12698017568253267
57.55814 0.01431420275754783
57.55814 0.15747499075603733
60.22572 0.01643350609912594
62.4487 0.05047635911905591
72.67442 0.09006488447584261
72.67442 0.12340309254825156
78.00958 0.13424371150187261
78.00958 0.5552147190165505
82.90014 0.46558679808052855
85.56772 0.730127522961501
93.12585 0.11794512710426579
93.12585 0.17918853098625542
93.12585 0.6585471289622562
101.12859 0.21552653484080705
108.68673 0.12698017568253267
116.24487 0.13419530477142846
116.24487 0.247463615235376
116.24487 0.8378123510458058
121.58003 0.15113400370353547
123.80301 0.1414086408361968
126.47059 0.2826540436726168
142.03146 0.1793024127459194
144.25445 0.14034358450448603
149.5896 0.1284235601051373
152.25718 0.11543668634995037
157.14774 0.7873937142031979
162.4829 0.1287983021477763
162.4829 0.25396748478028297
170.04104 0.11976504659363688
172.70862 0.12773324581606552
177.59918 0.11794512710426579
180.26676 0.10966494168365923
187.8249 0.22547030409720972
195.82763 0.7338608471407303
200.71819 0.10677817283844994
208.27633 0.11687827774842757
216.27907 0.10464447412677348
218.50205 0.19793132062218666
218.50205 0.7413274954991891
221.16963 0.19582554799682567
226.50479 0.10859809232782101
238.95349 0.12986515150361452
241.62107 0.13959051437095318
246.95622 0.7195466443831825
251.84679 0.10244981259476343
251.84679 0.10859809232782101
251.84679 0.11869819723779865
257.18194 0.2002264714568083
259.40492 0.14862376992509257
259.40492 0.15910040990183666
262.0725 0.13494658188083386
262.0725 0.6230617888365658
269.63064 0.09448161337233477
269.63064 0.10062989310539235
290.08208 0.09379129908326299
290.08208 0.5583289492364102
298.08482 0.4618534739012991
302.97538 0.10426973208413451
305.64295 0.16159331676763503
308.31053 0.13350499048235667
310.53352 0.09993957881632055
310.53352 0.12083189594947509
328.76197 0.09159663755125293
341.21067 0.08695270506113362
343.87825 0.13749705954454444
346.54583 0.41516816123792066
366.99726 0.08513457859588999
374.5554 0.3616352941754531
379.89056 0.08005314821867063
379.89056 0.11435334644863059
418.12585 0.30811180732449117
425.68399 0.07572299495085667
459.02873 0.0956133833531361
469.25445 0.286321575996979
471.92202 0.07716637937346132
484.81532 0.3653779985661881
487.0383 0.48363432501730574
502.59918 0.5869667349630114
502.59918 0.7413274954991891
512.8249 0.09341476401649654
512.8249 0.8303363224758413
515.49248 0.10822155726105459
520.38304 0.9380211505601461
538.16689 0.6697471014999443
538.16689 0.8272220922559816
540.83447 0.07428140355237949
540.83447 0.08262434481744713
543.50205 0.412053931018061
543.50205 0.5514813948373211
551.06019 0.30437848314526184
566.62107 0.22905538475528206
579.51436 0.07361724567453305
589.74008 0.06888440092872732
602.18878 0.19357942484109736
625.3078 0.06386572639596903
640.86867 0.18984610066186797
666.21067 0.0627379142197972
668.87825 0.06271810575051695
673.76881 0.06926093599549375
679.10397 0.14689411217771886
691.99726 0.09705460299523873
709.78112 0.06637596017441191
717.33926 0.05194570199662032
717.33926 0.18984610066186797
735.12312 0.23279808914601707
763.57729 0.05232223706338674
766.24487 0.062047599930725415
771.13543 0.1823794523034092
781.36115 0.21100785781850487
784.02873 0.08080442532807604
794.25445 0.060980750574887194
794.25445 0.09774491728431049
809.37073 0.30063577875452685
814.70588 0.0454208871967963
814.70588 0.4550059195022101
819.59644 0.5297005437213145
827.59918 0.06921914875498714
829.82216 0.6373853718056193
840.04788 0.6765946558990334
858.27633 0.04040221266403802
860.49932 0.569538301985604
863.16689 0.3834255255029653
870.72503 0.3330068886603575
873.39261 0.4550059195022101
878.72777 0.22220783035619301
888.95349 0.038584086198794394
891.17647 0.043979295798319114
893.84405 0.17553189790432014
914.29549 0.07801816913451569
924.5212 0.17553189790432014
929.85636 0.04366551657601375
955.19836 0.11826570666262322
962.7565 0.038584086198794394
975.64979 0.07151429958960878
980.98495 0.09647547533511103
983.65253 0.04109252695310981
1008.99453 0.0680715733376763
1019.22025 0.09647547533511103
1026.77839 0.04146906201987624
1045.00684 0.03645038748711796
1047.22982 0.050418636842607854
1062.7907 0.05162393453636673
1090.80027 0.01431420275754783
1093.46785 0.04077874773080445
1116.58687 0.05162393453636673
1126.81259 0.04668531266337848
1141.92886 0.07476482109184387
1149.487 0.10230663110730366
1152.15458 0.04040221266403802
1154.82216 0.1002087995143404
1165.04788 0.17926522208354953
1180.60876 0.1814836818208771
1180.60876 0.20557993904396765
1185.49932 0.1506913503031822
1190.83447 0.21474118199773426
1190.83447 0.22986840101675562
1205.76835 0.0
1205.76835 0.0
1205.95075 0.21227318679813523
1208.61833 0.042912446442480885
1218.84405 0.1571952198480891
1223.73461 0.18473420332311216
1223.73461 0.19357942484109736
1236.62791 0.10345420652461448
1244.18605 0.07151429958960878
1246.85363 0.04109252695310981
1249.5212 0.08589459675679258
1254.78796 0.00023362
1254.78796 0.0003307052310969617
1267.30506 0.100011480272682
1269.97264 0.08471141688868326
1271.31783 0.0006146700000000001
1271.31783 0.0008677479140749336
1274.8632 0.042912446442480885
1274.8632 0.1352019087099228
1282.86594 0.02862840551509566
1291.26767 0.00095085
1291.26767 0.0013426067074449298
1297.98222 0.16713898910449176
1305.54036 0.19793132062218666
1323.76881 0.044732365931851974
1323.76881 0.17823316031864198
1328.65937 0.12544751766278078
1333.99453 0.018047526936777213
1340.28728 0.0008853299999999999
1340.28728 0.0012521574134696926
1344.22025 0.08126869063675078
1356.66895 0.05726619124169692
1356.81715 0.00072507
1356.81715 0.0010260341785315991
1372.77702 0.00055769
1372.77702 0.000788604781846601
1377.56498 0.0465504923970956
1379.78796 0.047225837616820816
1385.88691 0.00038533
1385.88691 0.0005455223042881504
1402.90698 0.028483047980889596
1405.83675 0.00020513
1405.83675 0.00029113366498279534
1412.1067 5.769e-05
1412.1067 8.153155889736632e-05
1418.46785 0.0393353633081998
1420.69083 0.042951988484149085
1438.91929 0.03174549217666503
1441.14227 0.0
1466.92886 0.036104434085060026
1482.04514 0.024084951061343677
1491.33607 3.276e-05
1491.33607 4.629873235357463e-05
1492.27086 0.024153828021002802
1500.2736 0.04668531266337848
1535.84131 0.023129580393730233
1536.9357 0.00016453000000000003
1536.9357 0.00023252534902727822
1536.9357 0.00040171
1536.9357 0.0005681346277819599
1541.17647 0.016938698932107005
1561.62791 0.04668531266337848
1563.15549 0.00044657999999999997
1563.15549 0.0006303185173899355
1589.63748 0.009723569843211209
1605.19836 0.038584086198794394
1605.19836 0.07754291444022776
1607.42134 0.03920928409341411
1610.08892 0.10062989310539235
1619.01505 0.00025
1619.01505 0.000353317554590771
1619.01505 0.00036895
1619.01505 0.0005200834403576149
1625.64979 0.027527677313276152
1627.87278 0.025220677376841024
1638.39489 0.0001396
1638.39489 0.00019729252248348655
1656.32695 0.014430258177791594
1663.88509 0.02862840551509566
1684.56452 3.704e-05
1684.56452 5.234752888816864e-05
1722.57182 0.026380101895965326
1722.57182 0.02862840551509566
1733.58413 0.00011538
1733.58413 0.00016306311779473265
1743.84405 0.00033618
1743.84405 0.00047485879336999626
1763.27751 0.025068587133324386
1766.64387 0.00063106
1766.64387 0.0008931867780054692
1783.17373 0.00083191
1783.17373 0.0011758408216780859
1786.59371 0.008658513511500448
1786.59371 0.021780851116006594
1810.27911 0.018465788673132057
1819.08345 0.001
1819.08345 0.001413270218363084
1843.37207 0.018465788673132057
1854.99316 0.00067593
1854.99316 0.0008767800000000001
1854.99316 0.0009553706676134449
1854.99316 0.0012380247112860616
1865.73187 0.0043283602436864944
1871.06703 0.007466648358458763
1895.64935 0.014808245348008394
1907.43274 0.00032407000000000003
1907.43274 0.0004578995507496392
1932.42134 0.0006903142890717898
1942.65095 0.006602798460192329
1945.31464 0.007466648358458763
1963.29229 1.638e-05
1963.29229 2.3149366176787315e-05
1989.65254 0.0
1991.10807 0.018047526936777213
1996.44323 0.0
