50.0 0.08592667304691655
52.22298 0.3639192207964394
57.55814 0.004186459661875248
57.55814 0.04605654312160004
60.22572 0.05248736558368417
62.4487 0.16121764268892877
72.67442 0.28766037443386866
72.67442 0.35366746850554437
78.00958 0.16238305857561988
78.00958 0.42876417974397935
82.90014 0.13616967583039183
85.56772 0.2135396203809854
93.12585 0.192604578651123
93.12585 0.3380251958371311
93.12585 0.5723145065665046
101.12859 0.6883753204543347
108.68673 0.3639192207964394
116.24487 0.24503408756206524
116.24487 0.3845974419586258
116.24487 0.7903799203391036
121.58003 0.43314295769400696
123.80301 0.4052705243978592
126.47059 0.9027754658356411
142.03146 0.51387229528296
144.25445 0.40221812296387843
149.5896 0.36805589277346723
152.25718 0.3308361224261225
157.14774 0.23028820244897255
162.4829 0.36912988587060863
162.4829 0.8111527838079818
170.04104 0.34324099963425314
172.70862 0.36607748443662785
177.59918 0.3380251958371311
180.26676 0.314294573240964
187.8249 0.7201349613424325
195.82763 0.2146315017344758
200.71819 0.30602122928690834
208.27633 0.3349676556801975
216.27907 0.29990614897304113
218.50205 0.21681526444145657
218.50205 0.632177547706066
221.16963 0.6254518704855905
226.50479 0.3112370330840304
238.95349 0.3721874260275423
241.62107 0.40005985932369
246.95622 0.21044504207260054
251.84679 0.2936163520787777
251.84679 0.3112370330840304
251.84679 0.34018345947731954
257.18194 0.6395080844886514
259.40492 0.4259487455600455
259.40492 0.45597430377342885
262.0725 0.18222621895199187
262.0725 0.3867505668758613
269.63064 0.2707798672764029
269.63064 0.2884005482816556
290.08208 0.16329387417702393
290.08208 0.26880145893956353
298.08482 0.13507779447690144
302.97538 0.29883215587589973
305.64295 0.516116733818236
308.31053 0.38261903362178634
310.53352 0.28642213994481625
310.53352 0.34629853979118674
328.76197 0.26251166204530013
341.21067 0.24920236959747144
343.87825 0.4391551253557476
346.54583 0.12142379071729914
366.99726 0.24399170452330224
374.5554 0.10576709000280238
379.89056 0.22942856367498313
379.89056 0.3652358702131253
418.12585 0.09011313270879179
425.68399 0.21701854774389964
459.02873 0.30538185682822233
469.25445 0.08374016691944959
471.92202 0.22115521972092747
484.81532 0.10686171477677894
487.0383 0.14144801684575747
502.59918 0.1716695369212606
502.59918 0.21681526444145657
512.8249 0.24284758143459828
512.8249 0.2677223271194693
515.49248 0.31015790126393616
520.38304 0.2743420486156781
538.16689 0.19588022271159417
538.16689 0.24193676583319423
540.83447 0.21288701448982464
540.83447 0.23679749238934078
543.50205 0.1205129751158951
543.50205 0.1612911772221295
551.06019 0.0890212513553014
566.62107 0.06699158485146244
579.51436 0.23512787007689273
589.74008 0.19741945840180758
602.18878 0.0566159685728175
625.3078 0.18303617285683751
640.86867 0.05552408721932709
666.21067 0.1798039161195077
668.87825 0.2003168481142704
673.76881 0.19849859022190178
679.10397 0.04296196481321519
691.99726 0.2781539347137134
709.78112 0.19023038499079897
717.33926 0.05552408721932709
717.33926 0.14887394266642634
735.12312 0.068086209625439
763.57729 0.14995307448652057
766.24487 0.1778255077826683
771.13543 0.0533403245123463
781.36115 0.0617132438360968
784.02873 0.23158168859221875
794.25445 0.17476796762573468
794.25445 0.2801323430505528
809.37073 0.08792662658132484
814.70588 0.1301741298410794
814.70588 0.133075097522007
819.59644 0.15492095485327342
827.59918 0.22108068382849014
829.82216 0.1864154220343533
840.04788 0.19788291966648863
858.27633 0.11579084429610938
860.49932 0.16657226165798128
863.16689 0.11214005579214459
870.72503 0.09739417067905189
873.39261 0.133075097522007
878.72777 0.06498888789656798
888.95349 0.11058017922194015
891.17647 0.12604259658700442
893.84405 0.051337627557451845
914.29549 0.24918408407995363
924.5212 0.051337627557451845
929.85636 0.12514332007025925
955.19836 0.0345890454894647
962.7565 0.11058017922194015
975.64979 0.22841122061107555
980.98495 0.028216079700122493
983.65253 0.11776925263294877
1008.99453 0.21741541543719742
1019.22025 0.028216079700122493
1026.77839 0.118848384453043
1045.00684 0.10446509890807293
1047.22982 0.014745885113092699
1062.7907 0.1648829110802215
1090.80027 0.004186459661875248
1093.46785 0.11686997611620359
1116.58687 0.1648829110802215
1126.81259 0.0136540037596023
1141.92886 0.23879313846818542
1149.487 0.3267595798592103
1152.15458 0.11579084429610938
1154.82216 0.029307961053612892
1165.04788 0.052429508910942245
1180.60876 0.5796450433490901
1180.60876 0.6566066518115784
1185.49932 0.48129668410095533
1190.83447 0.0628051251895872
1190.83447 0.7341821475908351
1205.76835 0.0
1205.76835 0.0
1205.95075 0.6779843748425665
1208.61833 0.12298505643007081
1218.84405 0.5020695475698334
1223.73461 0.0566159685728175
1223.73461 0.5900269612061999
1236.62791 0.330424848250503
1244.18605 0.22841122061107555
1246.85363 0.11776925263294877
1249.5212 0.025121501391737647
1254.78796 0.00023362
1254.78796 0.0010562472950277001
1267.30506 0.31942904307662484
1269.97264 0.27056180711094163
1271.31783 0.0006146700000000001
1271.31783 0.002771520680115418
1274.8632 0.12298505643007081
1274.8632 0.43182458857316214
1282.86594 0.008372919323750496
1291.26767 0.00095085
1291.26767 0.004288183462719295
1297.98222 0.5338291884579313
1305.54036 0.632177547706066
1323.76881 0.12820086022719285
1323.76881 0.5692631254919801
1328.65937 0.4006698072471742
1333.99453 0.005278341015365647
1340.28728 0.0008853299999999999
1340.28728 0.00399929531365189
1344.22025 0.25956600193706353
1356.66895 0.01674858206798715
1356.81715 0.00072507
1356.81715 0.003277074940983377
1372.77702 0.00055769
1372.77702 0.0025187435496814383
1377.56498 0.13341152530136208
1379.78796 0.15083572483181892
1385.88691 0.00038533
1385.88691 0.0017423566490627873
1402.90698 0.09097268369225754
1405.83675 0.00020513
1405.83675 0.0009298587298107103
1412.1067 5.769e-05
1412.1067 0.00026040558312029067
1418.46785 0.11273330413917575
1420.69083 0.012562122406111901
1438.91929 0.09098108987984807
1441.14227 0.0
1466.92886 0.010559425451217451
1482.04514 0.07692549744385496
1491.33607 3.276e-05
1491.33607 0.000147874621303878
1492.27086 0.06922373689756754
1500.2736 0.0136540037596023
1535.84131 0.07387411636933051
1536.9357 0.00016453000000000003
1536.9357 0.00040171
1536.9357 0.0007426682369696901
1536.9357 0.0018145786863296386
1541.17647 0.048545515735381226
1561.62791 0.0136540037596023
1563.15549 0.00044657999999999997
1563.15549 0.00201318928881348
1589.63748 0.02786729457319492
1605.19836 0.11058017922194015
1605.19836 0.2222343515410217
1607.42134 0.011467497632135344
1610.08892 0.2884005482816556
1619.01505 0.00025
1619.01505 0.00036895
1619.01505 0.0011284693322945513
1619.01505 0.0016611068571375795
1625.64979 0.08792130261773308
1627.87278 0.07228127705450116
1638.39489 0.0001396
1638.39489 0.0006301372751532775
1656.32695 0.04135644232437262
1663.88509 0.008372919323750496
1684.56452 3.704e-05
1684.56452 0.0001671940162727607
1722.57182 0.008372919323750496
1722.57182 0.08425603422644037
1733.58413 0.00011538
1733.58413 0.0005208111662405813
1743.84405 0.00033618
1743.84405 0.001516662782603877
1763.27751 0.08006715606496301
1766.64387 0.00063106
1766.64387 0.002852770472040626
1783.17373 0.00083191
1783.17373 0.0037555459378762666
1786.59371 0.0063702223688560464
1786.59371 0.024814893139214138
1810.27911 0.05897832118304243
1819.08345 0.001
1819.08345 0.004513877329178205
1843.37207 0.05897832118304243
1854.99316 0.00067593
1854.99316 0.0008767800000000001
1854.99316 0.003051381074524467
1854.99316 0.003954156540360108
1865.73187 0.012404877208130655
1871.06703 0.002183762706980798
1895.64935 0.047296406655129235
1907.43274 0.00032407000000000003
1907.43274 0.0014624962546537384
1932.42134 0.001978408336839396
1942.65095 0.021088834881920576
1945.31464 0.002183762706980798
1963.29229 1.638e-05
1963.29229 7.3937310651939e-05
1989.65254 0.0
1991.10807 0.005278341015365647
1996.44323 0.0
