50.0 0.013128051341788212
52.22298 0.6652518255727105
57.55814 0.0006396157960336137
57.55814 0.007036612047059178
60.22572 0.04455780064831276
62.4487 0.13686157619153239
72.67442 0.24420188508046747
72.67442 0.6465114113898279
78.00958 0.024809212953623584
78.00958 0.3639883357397603
82.90014 0.020804279184881005
85.56772 0.03262501619650615
93.12585 0.02942651807099337
93.12585 0.4858516979875796
93.12585 0.6179170150125376
101.12859 0.5843785444159781
108.68673 0.6652518255727105
116.24487 0.037436804753823244
116.24487 0.67097272906085
116.24487 0.7030520394433468
121.58003 0.7917942413409363
123.80301 0.7408428596226633
126.47059 0.7663880400466592
142.03146 0.9393691319740614
144.25445 0.7352630069787373
149.5896 0.6728137470851017
152.25718 0.6047752408562205
157.14774 0.03518389852598532
162.4829 0.6747770285709275
162.4829 0.6886073178623238
170.04104 0.6274516117020743
172.70862 0.6691971759270016
177.59918 0.6179170150125376
180.26676 0.5745369484979754
187.8249 0.6113400756648195
195.82763 0.03279183604370233
200.71819 0.5594131054731931
208.27633 0.6123277686772919
216.27907 0.5482346128027017
218.50205 0.033125475738094705
218.50205 0.5366708889230736
221.16963 0.5309612980247259
226.50479 0.5689477021627298
238.95349 0.6803662749061732
241.62107 0.7313176566244463
246.95622 0.03215222024766872
251.84679 0.5367367346273392
251.84679 0.5689477021627298
251.84679 0.6218623653668286
257.18194 0.5428939598082524
259.40492 0.7786430734932994
259.40492 0.8335304118745438
262.0725 0.027840891231940182
262.0725 0.706987996106318
269.63064 0.49499117040241186
269.63064 0.5272021379378025
290.08208 0.024948369208068644
290.08208 0.4913745992443118
298.08482 0.020637459337684818
302.97538 0.5462713313168759
305.64295 0.43814404249467503
308.31053 0.6994354682852466
310.53352 0.5235855667797024
310.53352 0.63304085803732
328.76197 0.47987672106894924
341.21067 0.45554706055082106
343.87825 0.3728094620806974
346.54583 0.01855137295704308
366.99726 0.4460218575526041
374.5554 0.016159310474760095
379.89056 0.31005760936167687
379.89056 0.41940013635245915
418.12585 0.013767667137821826
425.68399 0.39671437181528557
459.02873 0.2592460823065834
469.25445 0.012793992502051129
471.92202 0.4042762933276768
484.81532 0.016326549467300996
487.0383 0.021610714828110802
502.59918 0.026228019945480588
502.59918 0.033125475738094705
512.8249 0.03710274591408616
512.8249 0.4894019240671662
515.49248 0.5669750269855842
520.38304 0.04191453447140325
538.16689 0.02992697761258192
538.16689 0.036963589659641104
540.83447 0.3891618439942141
540.83447 0.4328706897049672
543.50205 0.01841221670259802
543.50205 0.0246423931064274
551.06019 0.01360084729062564
566.62107 0.01023511017257196
579.51436 0.1996057650301524
589.74008 0.3608868331217949
602.18878 0.00864990247886349
625.3078 0.33459389111784094
640.86867 0.008483082631667303
666.21067 0.3286852592777241
668.87825 0.1700538422059532
673.76881 0.3628595082989404
679.10397 0.006563816098221749
691.99726 0.5084711174462397
709.78112 0.3477450589654778
717.33926 0.008483082631667303
717.33926 0.27214463122420535
735.12312 0.010402349165112859
763.57729 0.27411730640135085
766.24487 0.32506868811962397
771.13543 0.008149442937274935
781.36115 0.009428674529342162
784.02873 0.4233360930154305
794.25445 0.31947944178437826
794.25445 0.5120876886043397
809.37073 0.013433608298084742
814.70588 0.020331483236043574
814.70588 0.23796098851166922
819.59644 0.023669137616001416
827.59918 0.18768076712702636
829.82216 0.02848092617331851
840.04788 0.03023295371422317
858.27633 0.21166804650771526
860.49932 0.025449247895001914
863.16689 0.017132985110530793
870.72503 0.014880078882692868
873.39261 0.020331483236043574
878.72777 0.009929134070930715
888.95349 0.20214284350949827
891.17647 0.23040846069059776
893.84405 0.007843466835633691
914.29549 0.21153842681367885
924.5212 0.007843466835633691
929.85636 0.22876456470964315
955.19836 0.005284584506154522
962.7565 0.20214284350949827
975.64979 0.19390383801220526
980.98495 0.004310909870383825
983.65253 0.2152846176658154
1008.99453 0.18456923168443692
1019.22025 0.004310909870383825
1026.77839 0.21725729284296091
1045.00684 0.19096435083900692
1047.22982 0.002252906227837925
1062.7907 0.13997311163412182
1090.80027 0.0006396157960336137
1093.46785 0.21364072168486076
1116.58687 0.13997311163412182
1126.81259 0.00208608638064174
1141.92886 0.20271730047274183
1149.487 0.2773941510948883
1152.15458 0.21166804650771526
1154.82216 0.004477729717580009
1165.04788 0.008010286682829876
1180.60876 0.4920747688727585
1180.60876 0.5574093492867361
1185.49932 0.4085844557900754
1190.83447 0.009595494376538347
1190.83447 0.6232650735679456
1205.76835 0.0
1205.76835 0.0
1205.95075 0.575557418075041
1208.61833 0.2248192143553521
1218.84405 0.426219044591549
1223.73461 0.00864990247886349
1223.73461 0.5008882313332951
1236.62791 0.2805056865374777
1244.18605 0.19390383801220526
1246.85363 0.2152846176658154
1249.5212 0.003838113921546396
1254.78796 0.00023362
1254.78796 0.0008966740068545913
1267.30506 0.27117108020970937
1269.97264 0.22968649560198376
1271.31783 0.0006146700000000001
1271.31783 0.0023528112829432437
1274.8632 0.2248192143553521
1274.8632 0.36658639119551845
1282.86594 0.0012792315920672273
1291.26767 0.00095085
1291.26767 0.003640343190221631
1297.98222 0.45318057584039045
1305.54036 0.5366708889230736
1323.76881 0.23435381104488884
1323.76881 0.48326130641222187
1328.65937 0.3401383399335083
1333.99453 0.0008064356432297986
1340.28728 0.0008853299999999999
1340.28728 0.0033950990174067
1344.22025 0.22035188927421545
1356.66895 0.0025588823294791685
1356.81715 0.00072507
1356.81715 0.0027819885853693728
1372.77702 0.00055769
1372.77702 0.002138222631730179
1377.56498 0.24387901404310583
1379.78796 0.1280481137309958
1385.88691 0.00038533
1385.88691 0.0014791289172900522
1402.90698 0.07722892279550184
1405.83675 0.00020513
1405.83675 0.000789379681248059
1412.1067 5.769e-05
1412.1067 0.00022106463015145883
1418.46785 0.20607880017246957
1420.69083 0.0019192665334455549
1438.91929 0.16631530481600756
1441.14227 0.0
1466.92886 0.0016132904318043114
1482.04514 0.06530392489237583
1491.33607 3.276e-05
1491.33607 0.00012553436095964277
1492.27086 0.1265424157682258
1500.2736 0.00208608638064174
1535.84131 0.06271353331701812
1536.9357 0.00016453000000000003
1536.9357 0.00040171
1536.9357 0.0006304691211443842
1536.9357 0.001540439960493785
1541.17647 0.08874220189758958
1561.62791 0.00208608638064174
1563.15549 0.00044657999999999997
1563.15549 0.0017090453293040501
1589.63748 0.05094198802695335
1605.19836 0.20214284350949827
1605.19836 0.40624896850482234
1607.42134 0.0017520275409046559
1610.08892 0.5272021379378025
1619.01505 0.00025
1619.01505 0.00036895
1619.01505 0.000957985050058324
1619.01505 0.001410153993685853
1625.64979 0.07463853122014413
1627.87278 0.13213166210347146
1638.39489 0.0001396
1638.39489 0.0005349388519525682
1656.32695 0.07560042774127246
1663.88509 0.0012792315920672273
1684.56452 3.704e-05
1684.56452 0.00014193506501664128
1722.57182 0.0012792315920672273
1722.57182 0.0715269957775547
1733.58413 0.00011538
1733.58413 0.00044212926030291766
1743.84405 0.00033618
1743.84405 0.0012875319072783874
1763.27751 0.0679709552717382
1766.64387 0.00063106
1766.64387 0.002421786206547443
1783.17373 0.00083191
1783.17373 0.0031881742465941017
1786.59371 0.0009732554904259836
1786.59371 0.04536213538302742
1810.27911 0.050068130656248246
1819.08345 0.001
1819.08345 0.003831940200233296
1843.37207 0.050068130656248246
1854.99316 0.00067593
1854.99316 0.0008767800000000001
1854.99316 0.002590391575357708
1854.99316 0.0033567796154043675
1865.73187 0.022676370845853843
1871.06703 0.0003336396943923699
1895.64935 0.04015106941804447
1907.43274 0.00032407000000000003
1907.43274 0.0012415486248755878
1932.42134 0.003616571158100136
1942.65095 0.01790282461548996
1945.31464 0.0003336396943923699
1963.29229 1.638e-05
1963.29229 6.276718047982139e-05
1989.65254 0.0
1991.10807 0.0008064356432297986
1996.44323 0.0
