50.0 0.19263222668445407
52.22298 0.05868758429908704
57.55814 0.009385293506608246
57.55814 0.10325052908842677
60.22572 0.02684820961532297
62.4487 0.08246565657214269
72.67442 0.057034331207731916
72.67442 0.14714333525673393
78.00958 0.2193204106415805
78.00958 0.3640337632084811
82.90014 0.3052680492794891
85.56772 0.4787176216735689
93.12585 0.05451177360869182
93.12585 0.29274892476150666
93.12585 0.4317850038826596
101.12859 0.3521160700684541
108.68673 0.05868758429908704
116.24487 0.0620222662237051
116.24487 0.40429321496758275
116.24487 0.5493225819985117
121.58003 0.06985097898261831
123.80301 0.06535611945003175
126.47059 0.4617855110994663
142.03146 0.08286982914060781
144.25445 0.06486387266493654
149.5896 0.05935468642366894
152.25718 0.05335242469901471
157.14774 0.51626494595787
162.4829 0.05952788436657281
162.4829 0.4149188995779815
170.04104 0.05535290237446899
172.70862 0.0590356375814776
177.59918 0.05451177360869182
180.26676 0.05068484489897855
187.8249 0.3683616843489333
195.82763 0.4811654243050434
200.71819 0.049350640649814766
208.27633 0.0540186981253052
216.27907 0.04836448968304153
218.50205 0.3233699220025123
218.50205 0.48606102956799235
221.16963 0.3199296199448213
226.50479 0.05019176941559193
238.95349 0.06002095984995943
241.62107 0.064515819382546
246.95622 0.47178013079843517
251.84679 0.04735016297436049
251.84679 0.05019176941559193
251.84679 0.054859826891082375
257.18194 0.32711962035264
259.40492 0.06869080137464981
259.40492 0.07353288549133552
262.0725 0.06236949080780425
262.0725 0.40851857836791583
269.63064 0.04366742776735188
269.63064 0.04650903420858332
290.08208 0.043348378925160545
290.08208 0.36607564882066584
298.08482 0.30282024664801455
302.97538 0.04819129174013766
305.64295 0.2640027766955649
308.31053 0.06170321738151376
310.53352 0.04618998536639198
310.53352 0.055845977857855604
328.76197 0.0423340522164795
341.21067 0.040187723641737755
343.87825 0.2246355618743354
346.54583 0.2722104132388473
366.99726 0.03934742357425199
374.5554 0.2371108915860208
379.89056 0.03699889261640717
379.89056 0.18682456422551108
418.12585 0.2020175201910623
425.68399 0.034997586242661485
459.02873 0.1562081848396165
469.25445 0.18773047116363706
471.92202 0.03566468836724338
484.81532 0.2395648444753633
487.0383 0.31710114541757184
502.59918 0.3848523860917504
502.59918 0.48606102956799235
512.8249 0.04317435228396526
512.8249 0.5444208264776946
515.49248 0.05001774277439666
520.38304 0.6150257868026374
538.16689 0.4391284117770831
538.16689 0.5423789408655099
540.83447 0.034331312816371
540.83447 0.038187245966283485
543.50205 0.27016852762666255
543.50205 0.3615859605770066
551.06019 0.19956971755958783
566.62107 0.15018314687933604
579.51436 0.12027203636585601
589.74008 0.03183693095923871
602.18878 0.12692287162246027
625.3078 0.029517404441593096
640.86867 0.12447506899098577
666.21067 0.02899615321629867
668.87825 0.10246558705786057
673.76881 0.03201095760043399
679.10397 0.09631303821329301
691.99726 0.0448566098155196
709.78112 0.030677582049561607
717.33926 0.02400821820032549
717.33926 0.12447506899098577
735.12312 0.15263709976867856
763.57729 0.024182244841520765
766.24487 0.028677104374107334
771.13543 0.1195794637280368
781.36115 0.13835005074125328
784.02873 0.03734611720050632
794.25445 0.028184028890720716
794.25445 0.045175658657710935
809.37073 0.1971157646702453
814.70588 0.020992585117898768
814.70588 0.29833055840435535
819.59644 0.34730506180744936
827.59918 0.11308665381314831
829.82216 0.41791002213239214
840.04788 0.4436181000207424
858.27633 0.01867305860025316
860.49932 0.37342520697295734
863.16689 0.25139794061344606
870.72503 0.21834030457280432
873.39261 0.29833055840435535
878.72777 0.14569345863567676
888.95349 0.017832758532767393
891.17647 0.020326311691608284
893.84405 0.11508977548437753
914.29549 0.12746203677367468
924.5212 0.11508977548437753
929.85636 0.02018128949061222
955.19836 0.07754245120007652
962.7565 0.017832758532767393
975.64979 0.11683635216327598
980.98495 0.06325540217265126
983.65253 0.0189921074424445
1008.99453 0.11121180463808447
1019.22025 0.06325540217265126
1026.77839 0.019166134083639774
1045.00684 0.01684660756599416
1047.22982 0.03305763604064176
1062.7907 0.08434050574720653
1090.80027 0.009385293506608246
1093.46785 0.018847085241448434
1116.58687 0.08434050574720653
1126.81259 0.030609833409167266
1141.92886 0.12214688554091985
1149.487 0.16714326574245184
1152.15458 0.01867305860025316
1154.82216 0.06570320480412575
1165.04788 0.11753757811585204
1180.60876 0.29649862311163433
1180.60876 0.33586583793286384
1185.49932 0.24619170953245847
1190.83447 0.1407978533727278
1190.83447 0.37554706690164097
1205.76835 0.0
1205.76835 0.0
1205.95075 0.3468009188356992
1208.61833 0.019833236208221666
1218.84405 0.2568173941428572
1223.73461 0.12692287162246027
1223.73461 0.3018091564892782
1236.62791 0.16901811491751567
1244.18605 0.11683635216327598
1246.85363 0.0189921074424445
1249.5212 0.05631791129751751
1254.78796 0.00023362
1254.78796 0.0005402890479863756
1267.30506 0.16339356739232416
1269.97264 0.13839711767651006
1271.31783 0.0006146700000000001
1271.31783 0.0014176815190753615
1274.8632 0.019833236208221666
1274.8632 0.22088586352420772
1282.86594 0.018770587013216492
1291.26767 0.00095085
1291.26767 0.002193481177722465
1297.98222 0.2730630084233364
1305.54036 0.3233699220025123
1323.76881 0.020674364973998837
1323.76881 0.29118808973399046
1328.65937 0.20494964553616513
1333.99453 0.011833096138082744
1340.28728 0.0008853299999999999
1340.28728 0.0020457098141706356
1344.22025 0.13277257015131855
1356.66895 0.03754732428430101
1356.81715 0.00072507
1356.81715 0.0016762814052910626
1372.77702 0.00055769
1372.77702 0.001288381575967511
1377.56498 0.0215146650414846
1379.78796 0.07715512319449884
1385.88691 0.00038533
1385.88691 0.00089124603642197
1402.90698 0.04653412595349322
1405.83675 0.00020513
1405.83675 0.00047563907643245035
1412.1067 5.769e-05
1412.1067 0.00013320203067664104
1418.46785 0.01817998311686654
1420.69083 0.028162030777692765
1438.91929 0.014672103249344613
1441.14227 0.0
1466.92886 0.023672342534033518
1482.04514 0.03934874340078552
1491.33607 3.276e-05
1491.33607 7.564046671809257e-05
1492.27086 0.011163394683531277
1500.2736 0.030609833409167266
1535.84131 0.03778790837326933
1536.9357 0.00016453000000000003
1536.9357 0.00037988785070597596
1536.9357 0.00040171
1536.9357 0.0009281888773099273
1541.17647 0.00782871275891322
1561.62791 0.030609833409167266
1563.15549 0.00044657999999999997
1563.15549 0.00102978168975181
1589.63748 0.004494030834295161
1605.19836 0.017832758532767393
1605.19836 0.03583871500843866
1607.42134 0.025708077888350243
1610.08892 0.04650903420858332
1619.01505 0.00025
1619.01505 0.00036895
1619.01505 0.0005772318888743329
1619.01505 0.000849685340423018
1625.64979 0.04497329092597702
1627.87278 0.011656470166917895
1638.39489 0.0001396
1638.39489 0.0003223262867474275
1656.32695 0.0066693638492361165
1663.88509 0.018770587013216492
1684.56452 3.704e-05
1684.56452 8.552267665562115e-05
1722.57182 0.018770587013216492
1722.57182 0.04309844175091319
1733.58413 0.00011538
1733.58413 0.0002664040613532821
1743.84405 0.00033618
1743.84405 0.0007757996586471034
1763.27751 0.040955756979411666
1766.64387 0.00063106
1766.64387 0.0014592422150743135
1783.17373 0.00083191
1783.17373 0.0019210277261737796
1786.59371 0.004001784049199951
1786.59371 0.014280898769557241
1810.27911 0.030168447440128133
1819.08345 0.001
1819.08345 0.0023089275554973314
1843.37207 0.030168447440128133
1854.99316 0.00067593
1854.99316 0.0008767800000000001
1854.99316 0.0015608350275161961
1854.99316 0.0020226205386156626
1865.73187 0.0020004776754542724
1871.06703 0.004895605262948994
1895.64935 0.024192942926501038
1907.43274 0.00032407000000000003
1907.43274 0.0007480925279811354
1932.42134 0.00031904884219134005
1942.65095 0.010787309539283533
1945.31464 0.004895605262948994
1963.29229 1.638e-05
1963.29229 3.7820233359046287e-05
1989.65254 0.0
1991.10807 0.011833096138082744
1996.44323 0.0
