50.0 0.043643762937106645
52.22298 0.5352723341151338
57.55814 0.002126381093899452
57.55814 0.023392978901955443
60.22572 0.024285414365798952
62.4487 0.07459389916484996
72.67442 0.13309777147434088
72.67442 0.520193495010378
78.00958 0.08247738987412095
78.00958 0.19838518573946604
82.90014 0.06916312293296155
85.56772 0.10846076356871014
93.12585 0.09782746466468215
93.12585 0.2648045826831484
93.12585 0.49718598311319706
101.12859 0.31850483846001654
108.68673 0.5352723341151338
116.24487 0.1244573919815317
116.24487 0.3657014151574988
116.24487 0.56568699504623
121.58003 0.637090400070103
123.80301 0.5960940976619854
126.47059 0.41770578544545844
142.03146 0.755831534072966
144.25445 0.591604458349592
149.5896 0.5413567779644212
152.25718 0.4866118999515162
157.14774 0.11696768137883869
162.4829 0.3753128252805989
162.4829 0.5429364658706337
170.04104 0.5048576731840376
172.70862 0.5384468265582402
177.59918 0.49718598311319706
180.26676 0.4622816828697075
187.8249 0.33319972799198777
195.82763 0.1090153505119421
200.71819 0.45011279517113273
208.27633 0.4926887854854629
216.27907 0.4411183999156644
218.50205 0.11012452439840603
218.50205 0.29250265331603675
221.16963 0.28939074521446806
226.50479 0.45778448524197335
238.95349 0.5474336634983679
241.62107 0.5884299659064854
246.95622 0.10688896941804266
251.84679 0.4318670219386113
251.84679 0.45778448524197335
251.84679 0.5003604755563035
257.18194 0.2958944242938539
259.40492 0.6265087585930815
259.40492 0.6706719951289649
262.0725 0.09255610183491698
262.0725 0.5688539291739957
269.63064 0.39827786856440867
269.63064 0.4241953318677707
290.08208 0.0829400101383245
290.08208 0.39536791715822783
298.08482 0.06860853598972957
302.97538 0.4395387120094519
305.64295 0.2388023975391686
308.31053 0.562777043640049
310.53352 0.42128538046158975
310.53352 0.5093548708117718
328.76197 0.3861165391811747
341.21067 0.36654050244868486
343.87825 0.20319297932994326
346.54583 0.06167341233026852
366.99726 0.358876370693185
374.5554 0.05372108146337194
379.89056 0.1689912296176691
379.89056 0.33745610501755713
418.12585 0.0457701440310061
425.68399 0.319202773469695
459.02873 0.14129733604263522
469.25445 0.042533195616111984
471.92202 0.32528721731898236
484.81532 0.05427706184113464
487.0383 0.07184409097009296
502.59918 0.08719416576065415
502.59918 0.11012452439840603
512.8249 0.12334682466053704
512.8249 0.3937806709366745
515.49248 0.45619723902042014
520.38304 0.1393434530733586
538.16689 0.09949122549437804
538.16689 0.12288420439633349
540.83447 0.31312588793574836
540.83447 0.34829472921616345
543.50205 0.061210792066064966
543.50205 0.081922802930889
551.06019 0.04521555708777413
566.62107 0.03402627780598343
579.51436 0.10879147181926965
589.74008 0.2903753587601521
602.18878 0.028756308410749016
625.3078 0.2692196341214498
640.86867 0.028201721467517045
666.21067 0.26446545377213077
668.87825 0.09268473673249278
673.76881 0.2919626049817053
679.10397 0.021821184751287956
691.99726 0.4091240510783558
709.78112 0.2798012755984713
717.33926 0.028201721467517045
717.33926 0.218971953736279
735.12312 0.03458225818374614
763.57729 0.2205591999578322
766.24487 0.2615555023659499
771.13543 0.027092547581053113
781.36115 0.03134530976885202
784.02873 0.3406230391453229
794.25445 0.2570583047382157
794.25445 0.41203400248453664
809.37073 0.04465957671001143
814.70588 0.06759132878229406
814.70588 0.19146724421136374
819.59644 0.0786872479505256
827.59918 0.10229196979773832
829.82216 0.09468387636334717
840.04788 0.10050843270181357
858.27633 0.17031151957266144
860.49932 0.08460516440255114
863.16689 0.056958029878266064
870.72503 0.04946831927557303
873.39261 0.06759132878229406
878.72777 0.03300907059854792
888.95349 0.16264738781716154
891.17647 0.1853903586774171
893.84405 0.026075340373617594
914.29549 0.11529515089865544
924.5212 0.026075340373617594
929.85636 0.18406765349278942
955.19836 0.01756842256348905
962.7565 0.16264738781716154
975.64979 0.10568374077555545
980.98495 0.014331474148594932
983.65253 0.17322147097884233
1008.99453 0.10059608430882976
1019.22025 0.014331474148594932
1026.77839 0.1748087172003956
1045.00684 0.15365299256169326
1047.22982 0.007489710602693025
1062.7907 0.07628978465375853
1090.80027 0.002126381093899452
1093.46785 0.17189876579421465
1116.58687 0.07628978465375853
1126.81259 0.006935123659461058
1141.92886 0.11048735730817823
1149.487 0.15118860904198367
1152.15458 0.17031151957266144
1154.82216 0.0148860610918269
1165.04788 0.02662992731684956
1180.60876 0.2681963536609655
1180.60876 0.3038057718701908
1185.49932 0.22269148539453726
1190.83447 0.031899896712083986
1190.83447 0.3396992300135191
1205.76835 0.0
1205.76835 0.0
1205.95075 0.3136970448695393
1208.61833 0.18089316104968295
1218.84405 0.23230289551763725
1223.73461 0.028756308410749016
1223.73461 0.2729999701935883
1236.62791 0.15288449453089226
1244.18605 0.10568374077555545
1246.85363 0.17322147097884233
1249.5212 0.012759679997927447
1254.78796 0.00023362
1254.78796 0.0004887157689711863
1267.30506 0.14779683806416655
1269.97264 0.1251864238980039
1271.31783 0.0006146700000000001
1271.31783 0.0012823567613175573
1274.8632 0.18089316104968295
1274.8632 0.19980120835212614
1282.86594 0.004252762187798904
1291.26767 0.00095085
1291.26767 0.0019841024808659275
1297.98222 0.24699778504960848
1305.54036 0.29250265331603675
1323.76881 0.18856485112052357
1323.76881 0.2633927371283427
1328.65937 0.18538618169640336
1333.99453 0.0026809680371314196
1340.28728 0.0008853299999999999
1340.28728 0.001850436629523381
1344.22025 0.12009876743127822
1356.66895 0.008506917810128543
1356.81715 0.00072507
1356.81715 0.0015162720011670141
1372.77702 0.00055769
1372.77702 0.001165399141392829
1377.56498 0.19622898287602344
1379.78796 0.0697902826322272
1385.88691 0.00038533
1385.88691 0.0008061721659097348
1402.90698 0.042092211999338845
1405.83675 0.00020513
1405.83675 0.00043023695900882224
1412.1067 5.769e-05
1412.1067 0.00012048723381174248
1418.46785 0.16581432194492726
1420.69083 0.00638053671622909
1438.91929 0.13381997310761864
1441.14227 0.0
1466.92886 0.005363329508793573
1482.04514 0.03559270997780751
1491.33607 3.276e-05
1491.33607 6.84202076559661e-05
1492.27086 0.10181806595496924
1500.2736 0.006935123659461058
1535.84131 0.03418086442300186
1536.9357 0.00016453000000000003
1536.9357 0.0003436256643967064
1536.9357 0.00040171
1536.9357 0.0008395886287453715
1541.17647 0.0714034050238731
1561.62791 0.006935123659461058
1563.15549 0.00044657999999999997
1563.15549 0.0009314839015433724
1589.63748 0.040988744092776946
1605.19836 0.16264738781716154
1605.19836 0.3268744635405356
1607.42134 0.005824556338466389
1610.08892 0.4241953318677707
1619.01505 0.00025
1619.01505 0.00036895
1619.01505 0.0005221322318068231
1619.01505 0.0007685786452196436
1625.64979 0.0406803664445332
1627.87278 0.1063152635827034
1638.39489 0.0001396
1638.39489 0.00029155863824093
1656.32695 0.0608293218621923
1663.88509 0.004252762187798904
1684.56452 3.704e-05
1684.56452 7.73591114644989e-05
1722.57182 0.004252762187798904
1722.57182 0.03898448095562464
1733.58413 0.00011538
1733.58413 0.00024097446762348497
1743.84405 0.00033618
1743.84405 0.0007017457195483703
1763.27751 0.03704632611115771
1766.64387 0.00063106
1766.64387 0.0013199502820076486
1783.17373 0.00083191
1783.17373 0.0017376560674531069
1786.59371 0.003235554980363387
1786.59371 0.036499104780383526
1810.27911 0.0272887189631518
1819.08345 0.001
1819.08345 0.0020885289272272924
1843.37207 0.0272887189631518
1854.99316 0.00067593
1854.99316 0.0008767800000000001
1854.99316 0.0014118455548056497
1854.99316 0.0018295513402511081
1865.73187 0.0182457732325214
1871.06703 0.0011091738864639346
1895.64935 0.021883606099487567
1907.43274 0.00032407000000000003
1907.43274 0.0006766833724216427
1932.42134 0.0029099514061809192
1942.65095 0.00975760714800591
1945.31464 0.0011091738864639346
1963.29229 1.638e-05
1963.29229 3.421010382798305e-05
1989.65254 0.0
1991.10807 0.0026809680371314196
1996.44323 0.0
