50.0 0.29687820545269417
52.22298 0.09176611038208214
57.55814 0.014464293653485241
57.55814 0.15912618732287698
60.22572 0.05540167224394401
62.4487 0.1701690854716808
72.67442 0.08918102177291999
72.67442 0.30363241905418503
78.00958 0.4525708671403297
78.00958 0.5610363966905579
82.90014 0.47046868642905637
85.56772 0.7377832405677135
93.12585 0.08523665599533126
93.12585 0.6040916773142124
93.12585 0.6654522937330177
101.12859 0.7265966477937693
108.68673 0.09176611038208214
116.24487 0.09698034424838213
116.24487 0.834264947533075
116.24487 0.8465971928232906
121.58003 0.10922161346680558
123.80301 0.10219328233091812
126.47059 0.9529011393867219
142.03146 0.12957837639910497
144.25445 0.10142358677510743
149.5896 0.09280921631209493
152.25718 0.08342385450950776
157.14774 0.7956498937489243
162.4829 0.09308003511876907
162.4829 0.8561912027503635
170.04104 0.08655187651578217
172.70862 0.09231033956295838
177.59918 0.08523665599533126
180.26676 0.07925272657322059
187.8249 0.7601197098773942
195.82763 0.7415557103410341
200.71819 0.077166514713195
208.27633 0.08446566465575658
216.27907 0.07562453203404565
218.50205 0.6672785518669458
218.50205 0.7491006498876751
221.16963 0.6601794383785149
226.50479 0.0784817352336459
238.95349 0.09385102645834376
241.62107 0.1008793575942312
246.95622 0.7270914166875488
251.84679 0.07403849270692059
251.84679 0.0784817352336459
251.84679 0.0857808851762075
257.18194 0.6750161091187661
259.40492 0.1074075161972181
259.40492 0.1149787807302178
262.0725 0.09752327764549437
262.0725 0.6295948737519333
269.63064 0.06828002965974436
269.63064 0.07272327218646968
290.08208 0.06778115291060782
290.08208 0.5641832810240817
298.08482 0.4666962166557358
302.97538 0.07535371322737151
305.64295 0.544773581387389
308.31053 0.09648146749924558
310.53352 0.07222439543733312
310.53352 0.08732286785535684
328.76197 0.06619511358348278
341.21067 0.06283903363474595
343.87825 0.46353875925467086
346.54583 0.4195213873546899
366.99726 0.06152510889805903
374.5554 0.36542720394679984
379.89056 0.05785285771090839
379.89056 0.3855152139616861
418.12585 0.3113424991061794
425.68399 0.05472353992087001
459.02873 0.32233786842034645
469.25445 0.28932378733878344
471.92202 0.0557666458508828
484.81532 0.36920915228739
487.0383 0.4887054498558621
502.59918 0.5931213468983219
502.59918 0.7491006498876751
512.8249 0.06750903832016969
512.8249 0.8390427747093798
515.49248 0.07820962064320779
520.38304 0.9478567269649569
538.16689 0.6767697030529792
538.16689 0.8358958903758562
540.83447 0.053681729774621205
540.83447 0.05971101162847156
543.50205 0.4163745030211663
543.50205 0.5572639269172375
551.06019 0.3075700293328589
566.62107 0.23145713415757282
579.51436 0.24818310175327174
589.74008 0.04978142064500815
602.18878 0.19560919274375815
625.3078 0.0461545218895972
640.86867 0.19183672297043763
666.21067 0.045339473902046824
668.87825 0.21143923381851973
673.76881 0.05005353523544627
679.10397 0.14843436344271224
691.99726 0.07013947936107154
709.78112 0.04796861915918467
717.33926 0.037540151426584706
717.33926 0.19183672297043763
735.12312 0.23523908249816303
763.57729 0.037812266017022825
766.24487 0.04484059715291028
771.13543 0.18429178342379657
781.36115 0.21322037073076708
784.02873 0.058395791108020643
794.25445 0.0440696058133356
794.25445 0.07063835611020808
809.37073 0.3037880809922687
814.70588 0.03282479430942127
814.70588 0.45977686254889166
819.59644 0.5352546937171112
827.59918 0.23335596002441433
829.82216 0.6440686459726882
840.04788 0.6836890571598235
858.27633 0.029197895554010322
860.49932 0.5755101689113129
863.16689 0.3874459157141958
870.72503 0.33649861663982933
873.39261 0.45977686254889166
878.72777 0.22453778005072864
888.95349 0.027883970817323397
891.17647 0.03178298416317247
893.84405 0.17737242931695238
914.29549 0.263019772493523
924.5212 0.17737242931695238
929.85636 0.031556222004474034
955.19836 0.11950577613574177
962.7565 0.027883970817323397
975.64979 0.24109351727623454
980.98495 0.09748706436834582
983.65253 0.029696772303146875
1008.99453 0.22948718139850424
1019.22025 0.09748706436834582
1026.77839 0.029968886893584998
1045.00684 0.02634198813817405
1047.22982 0.05094729907436643
1062.7907 0.1740378640975909
1090.80027 0.014464293653485241
1093.46785 0.02947001014444844
1116.58687 0.1740378640975909
1126.81259 0.047174829301045905
1141.92886 0.25205188037918186
1149.487 0.344902567401024
1152.15458 0.029197895554010322
1154.82216 0.10125953414166634
1165.04788 0.18114489909027293
1180.60876 0.6118292345660326
1180.60876 0.6930640566987506
1185.49932 0.5080201844412431
1190.83447 0.2169928405040876
1190.83447 0.7749468516062517
1205.76835 0.0
1205.76835 0.0
1205.95075 0.7156287556794282
1208.61833 0.03101199282359779
1218.84405 0.5299464396585315
1223.73461 0.19560919274375815
1223.73461 0.6227875976689798
1236.62791 0.3487713460269341
1244.18605 0.24109351727623454
1246.85363 0.029696772303146875
1249.5212 0.0867952404881811
1254.78796 0.00023362
1254.78796 0.0011148943330824648
1267.30506 0.3371650101492038
1269.97264 0.2855844714742006
1271.31783 0.0006146700000000001
1271.31783 0.0029254064979172363
1274.8632 0.03101199282359779
1274.8632 0.4558012020028507
1282.86594 0.028928587306970482
1291.26767 0.00095085
1291.26767 0.004526280412086929
1297.98222 0.5634695017421564
1305.54036 0.6672785518669458
1323.76881 0.03232721334404871
1323.76881 0.6008708714630853
1328.65937 0.4229165836826149
1333.99453 0.01823676342680577
1340.28728 0.0008853299999999999
1340.28728 0.004221352047483178
1344.22025 0.2739781355964703
1356.66895 0.05786665318121062
1356.81715 0.00072507
1356.81715 0.003459031135973801
1372.77702 0.00055769
1372.77702 0.0026585941788889542
1377.56498 0.033641138080735634
1379.78796 0.15921072236873351
1385.88691 0.00038533
1385.88691 0.0018390991990163733
1402.90698 0.09602384781599997
1405.83675 0.00020513
1405.83675 0.0009814881735683238
1412.1067 5.769e-05
1412.1067 0.0002748643336560999
1418.46785 0.028426904214435646
1420.69083 0.04340235952772538
1438.91929 0.022941851541461535
1441.14227 0.0
1466.92886 0.0364830054208812
1482.04514 0.08119670608714256
1491.33607 3.276e-05
1491.33607 0.00015608520663154505
1492.27086 0.01745550308472343
1500.2736 0.047174829301045905
1535.84131 0.07797590023601546
1536.9357 0.00016453000000000003
1536.9357 0.00040171
1536.9357 0.0007839041223164868
1536.9357 0.0019153312901673111
1541.17647 0.012241269218423447
1561.62791 0.047174829301045905
1563.15549 0.00044657999999999997
1563.15549 0.00212496954083239
1589.63748 0.007027035352123462
1605.19836 0.027883970817323397
1605.19836 0.056038760441320924
1607.42134 0.0396204111871352
1610.08892 0.07272327218646968
1619.01505 0.00025
1619.01505 0.00036895
1619.01505 0.0011911264242334023
1619.01505 0.0017533380964715685
1625.64979 0.09280304196487285
1627.87278 0.018226494424298106
1638.39489 0.0001396
1638.39489 0.000665124995291932
1656.32695 0.010428467732599967
1663.88509 0.028928587306970482
1684.56452 3.704e-05
1684.56452 0.0001764772910144209
1722.57182 0.028928587306970482
1722.57182 0.08893426333896276
1733.58413 0.00011538
1733.58413 0.0005497286673121998
1743.84405 0.00033618
1743.84405 0.001600873914169693
1763.27751 0.08451280205220837
1766.64387 0.00063106
1766.64387 0.0030111676004620416
1783.17373 0.00083191
1783.17373 0.003964068739848763
1786.59371 0.0062573397963127785
1786.59371 0.0220092332001263
1810.27911 0.062253031436134545
1819.08345 0.001
1819.08345 0.004764505696933609
1843.37207 0.062253031436134545
1854.99316 0.00067593
1854.99316 0.0008767800000000001
1854.99316 0.0032208058511271204
1854.99316 0.004173706990513842
1865.73187 0.003128022006274394
1871.06703 0.007544939546641058
1895.64935 0.04992249069247036
1907.43274 0.00032407000000000003
1907.43274 0.0015436998458064895
1932.42134 0.0004988767491365541
1942.65095 0.022259770616073822
1945.31464 0.007544939546641058
1963.29229 1.638e-05
1963.29229 7.804260331577253e-05
1989.65254 0.0
1991.10807 0.01823676342680577
1996.44323 0.0
