50.0 0.0023138354819813764
52.22298 0.034410606167584096
57.55814 0.00011273308468770411
57.55814 0.0012402116813480843
60.22572 0.03488888316954589
62.4487 0.10716299890638983
72.67442 0.033441245412640784
72.67442 0.19121076252397837
78.00958 0.0043726548379195325
78.00958 0.28500389013663785
82.90014 0.003666780248017165
85.56772 0.005750199942881275
93.12585 0.005186460644551085
93.12585 0.031962180681789944
93.12585 0.38042324536177535
101.12859 0.4575700430961548
108.68673 0.034410606167584096
116.24487 0.006598283699247489
116.24487 0.036365848111389557
116.24487 0.5253735331086589
121.58003 0.04095609926524892
123.80301 0.03832060416007975
126.47059 0.6000839898442706
142.03146 0.048589511525980456
144.25445 0.03803198246161542
149.5896 0.034801751735368244
152.25718 0.03128241341554148
157.14774 0.006201206156523761
162.4829 0.03490330381445754
162.4829 0.5391814657149756
170.04104 0.03245536422377865
172.70862 0.034614682115993216
177.59918 0.031962180681789944
180.26676 0.02971831703952017
187.8249 0.4786809978588762
195.82763 0.0057796021497657475
200.71819 0.028936025903951883
208.27633 0.03167307308821036
216.27907 0.028357810716792716
218.50205 0.005838406563534694
218.50205 0.42021481472834893
221.16963 0.4157441890040091
226.50479 0.029429209445940584
238.95349 0.035192411408037125
241.62107 0.037827906513206305
246.95622 0.005666869065078044
251.84679 0.027763075095714712
251.84679 0.029429209445940584
251.84679 0.032166256630199064
257.18194 0.4250874967258844
259.40492 0.040275846103885196
259.40492 0.043114931262348236
262.0725 0.004906991929365249
262.0725 0.03656943816468341
269.63064 0.025603757203500138
269.63064 0.02726989155372601
290.08208 0.004397181301953816
290.08208 0.02541668758412512
298.08482 0.0036373780411326916
302.97538 0.028256258637703414
305.64295 0.3430680169939695
308.31053 0.03617877849201453
310.53352 0.027082821934350985
310.53352 0.032744471817358234
328.76197 0.024821951963047116
341.21067 0.023563483614524223
343.87825 0.29191085685974544
346.54583 0.0032697027052934363
366.99726 0.02307078596765078
374.5554 0.002848098698535424
379.89056 0.02169375921100449
379.89056 0.24277597977129653
418.12585 0.0024265685666690806
425.68399 0.020520322507652063
459.02873 0.20299041124462142
469.25445 0.0022549571933207606
471.92202 0.02091146807543621
484.81532 0.0028775747803115666
487.0383 0.0038089155395893423
502.59918 0.004622721346220895
502.59918 0.005838406563534694
512.8249 0.0065394054105868725
512.8249 0.025314649609920557
515.49248 0.029327171471736024
520.38304 0.007387489166953087
538.16689 0.0052746672652045044
538.16689 0.006514878946552589
540.83447 0.020129662834983183
540.83447 0.022390532806287052
543.50205 0.003245176241259152
543.50205 0.004343252631035059
551.06019 0.002397166359784607
566.62107 0.0018039509796782744
579.51436 0.15629187515494028
589.74008 0.018667118538051173
602.18878 0.0015245561393841087
625.3078 0.017307098110438977
640.86867 0.0014951539324996352
666.21067 0.017001470082940562
668.87825 0.1331526365065452
673.76881 0.01876915651225573
679.10397 0.0011568808035448534
691.99726 0.026301016693897963
709.78112 0.017987351271802707
717.33926 0.0014951539324996352
717.33926 0.0140768673841918
735.12312 0.0018334270614544174
763.57729 0.014178905358396358
766.24487 0.016814400463565537
771.13543 0.0014363495187306888
781.36115 0.0016618156881060971
784.02873 0.021897349264298354
794.25445 0.016525292869985955
794.25445 0.026488086313272985
809.37073 0.0023676902780084643
814.70588 0.003583449370213934
814.70588 0.01230869505976137
819.59644 0.004171715132578409
827.59918 0.1469545682729634
829.82216 0.005019798888944623
840.04788 0.0053285959361232624
858.27633 0.010948674632149177
860.49932 0.004485461797498906
863.16689 0.003019710071883744
870.72503 0.0026226325291600155
873.39261 0.003583449370213934
878.72777 0.0017500223087595168
888.95349 0.010455976985275733
891.17647 0.011918035387092485
893.84405 0.0013824208478119312
914.29549 0.16563518287681556
924.5212 0.0013824208478119312
929.85636 0.01183300374192202
955.19836 0.0009314146341694452
962.7565 0.010455976985275733
975.64979 0.1518272502704989
980.98495 0.000759803260821125
983.65253 0.0111357442515242
1008.99453 0.14451822727419567
1019.22025 0.000759803260821125
1026.77839 0.01123778222572876
1045.00684 0.009877761798116566
1047.22982 0.00039707754272372845
1062.7907 0.10959933990515758
1090.80027 0.00011273308468770411
1093.46785 0.011050712606353735
1116.58687 0.10959933990515758
1126.81259 0.00036767533583925515
1141.92886 0.15872821615370802
1149.487 0.21720040012413375
1152.15458 0.010948674632149177
1154.82216 0.0007892054677055983
1165.04788 0.0014118230546964045
1180.60876 0.38529592735931084
1180.60876 0.43645308749353484
1185.49932 0.319922777505676
1190.83447 0.0016912178949905702
1190.83447 0.48801830474085306
1205.76835 0.0
1205.76835 0.0
1205.95075 0.4506630763730472
1208.61833 0.011628927793512902
1218.84405 0.3337307101119926
1223.73461 0.0015245561393841087
1223.73461 0.39219689324251994
1236.62791 0.21963674112290146
1244.18605 0.1518272502704989
1246.85363 0.0111357442515242
1249.5212 0.0006764723830178942
1254.78796 0.00023362
1254.78796 0.0007020982681177966
1267.30506 0.21232771812659826
1269.97264 0.17984517175632792
1271.31783 0.0006146700000000001
1271.31783 0.0018422578488219105
1274.8632 0.011628927793512902
1274.8632 0.28703817486220995
1282.86594 0.00022546616937540822
1291.26767 0.00095085
1291.26767 0.0028503989517602852
1297.98222 0.3548416648747141
1305.54036 0.42021481472834893
1323.76881 0.012122111335501604
1323.76881 0.3783949614761017
1328.65937 0.26632927637268416
1333.99453 0.0001421352915721774
1340.28728 0.0008853299999999999
1340.28728 0.0026583720750101188
1344.22025 0.17253614876002468
1356.66895 0.00045100621364248597
1356.81715 0.00072507
1356.81715 0.0021783048831347024
1372.77702 0.00055769
1372.77702 0.0016742343316655149
1377.56498 0.012614808982375048
1379.78796 0.10026203302318074
1385.88691 0.00038533
1385.88691 0.0011581621003994424
1402.90698 0.060470463656607146
1405.83675 0.00020513
1405.83675 0.0006180865095395988
1412.1067 5.769e-05
1412.1067 0.00017309422687057985
1418.46785 0.010659567038569592
1420.69083 0.00033827312895478185
1438.91929 0.008602773015674841
1441.14227 0.0
1466.92886 0.0002843444580360244
1482.04514 0.05113315677463029
1491.33607 3.276e-05
1491.33607 9.829375753649152e-05
1492.27086 0.006545493097664827
1500.2736 0.00036767533583925515
1535.84131 0.04910487288895666
1536.9357 0.00016453000000000003
1536.9357 0.00040171
1536.9357 0.0004936590942453892
1536.9357 0.0012061688195869839
1541.17647 0.004590251153859373
1561.62791 0.00036767533583925515
1563.15549 0.00044657999999999997
1563.15549 0.0013381872973527236
1589.63748 0.0026350092100539202
1605.19836 0.010455976985275733
1605.19836 0.02101350604964077
1607.42134 0.000308797047178639
1610.08892 0.02726989155372601
1619.01505 0.00025
1619.01505 0.00036895
1619.01505 0.0007501049873053382
1619.01505 0.0011041545413134578
1625.64979 0.058442179770933515
1627.87278 0.006834600691244411
1638.39489 0.0001396
1638.39489 0.0004188586249113009
1656.32695 0.003910483887610907
1663.88509 0.00022546616937540822
1684.56452 3.704e-05
1684.56452 0.00011113555491915891
1722.57182 0.00022546616937540822
1722.57182 0.05600583877216577
1733.58413 0.00011538
1733.58413 0.0003461884537411597
1743.84405 0.00033618
1743.84405 0.0010081411029383746
1763.27751 0.05322144905928836
1766.64387 0.00063106
1766.64387 0.001896265407907895
1783.17373 0.00083191
1783.17373 0.0024963493977521655
1786.59371 0.0001715374984566507
1786.59371 0.0023463875115895963
1810.27911 0.039203487056526196
1819.08345 0.001
1819.08345 0.003000419949221353
1843.37207 0.039203487056526196
1854.99316 0.00067593
1854.99316 0.0008767800000000001
1854.99316 0.0020282838856736348
1854.99316 0.002628367875517905
1865.73187 0.0011729508082371682
1871.06703 5.880441376894658e-05
1895.64935 0.03143840022794134
1907.43274 0.00032407000000000003
1907.43274 0.0009721360635477183
1932.42134 0.00018706961937502476
1942.65095 0.01401796200276216
1945.31464 5.880441376894658e-05
1963.29229 1.638e-05
1963.29229 4.914687876824576e-05
1989.65254 0.0
1991.10807 0.0001421352915721774
1996.44323 0.0
