50.0 0.14519741111124732
52.22298 0.42586405888886086
57.55814 0.007074207380216576
57.55814 0.077825552751688
60.22572 0.004277584417997086
62.4487 0.013138820525729612
72.67442 0.023443575833343507
72.67442 0.4138672953440032
78.00958 0.03494317068255136
78.00958 0.27439209360093
82.90014 0.2300971712431519
85.56772 0.36083557002222655
93.12585 0.04664215070156953
93.12585 0.32545989733649083
93.12585 0.39556245913821536
101.12859 0.05610080658009904
108.68673 0.42586405888886086
116.24487 0.06441391740551167
116.24487 0.41405437783669985
116.24487 0.4500620420991403
121.58003 0.5068707765393762
123.80301 0.474254011894109
126.47059 0.07357386339864269
142.03146 0.6013415310705614
144.25445 0.4706820431995498
149.5896 0.4307048582139789
152.25718 0.38714969111853814
157.14774 0.3891370353277457
162.4829 0.06610685200231445
162.4829 0.4319616620139164
170.04104 0.40166607567858154
172.70862 0.4283896933193572
177.59918 0.39556245913821536
180.26676 0.3677925072333768
187.8249 0.05868913509446329
195.82763 0.36268061231405235
200.71819 0.35811090858314076
208.27633 0.3919844770283455
216.27907 0.3509549443634011
218.50205 0.05152083358353353
218.50205 0.36637069689770396
221.16963 0.05097270830121364
226.50479 0.364214525123507
238.95349 0.43553964412378626
241.62107 0.46815640876905346
246.95622 0.3556064049338358
251.84679 0.34359452402309737
251.84679 0.364214525123507
251.84679 0.39808809356871167
257.18194 0.05211825335433051
259.40492 0.49845199510438837
259.40492 0.5335883807648413
262.0725 0.3079227239948399
262.0725 0.4525816631143259
269.63064 0.3168709063823216
269.63064 0.3374909074827312
290.08208 0.2759311741056691
290.08208 0.3145557414877
298.08482 0.22825212895132607
302.97538 0.3496981405634636
305.64295 0.04206217770500403
308.31053 0.44774687720451867
310.53352 0.3351757425881095
310.53352 0.4052440577884514
328.76197 0.30719532114739634
341.21067 0.2916205754926688
343.87825 0.035790005850269736
346.54583 0.20517982873419768
366.99726 0.28552297236761326
374.5554 0.17872340572050438
379.89056 0.029765777915188873
379.89056 0.26848095337707356
418.12585 0.1522716184914639
425.68399 0.25395855540171947
459.02873 0.024887830771858865
469.25445 0.14150269074294286
471.92202 0.2587993547268375
484.81532 0.180573083796983
487.0383 0.2390164209151943
502.59918 0.2900842246507551
502.59918 0.36637069689770396
512.8249 0.31329292427245176
512.8249 0.41035965746839537
515.49248 0.3629517079082588
520.38304 0.4635784652828687
538.16689 0.33099502421196825
538.16689 0.40882057696365626
540.83447 0.24912376949191217
540.83447 0.2771041909326254
543.50205 0.20364074822945857
543.50205 0.27254705130910417
551.06019 0.15042657619963806
566.62107 0.11320122543742371
579.51436 0.01916231272217649
589.74008 0.2310233894066883
602.18878 0.09566868788042562
625.3078 0.2141918399520233
640.86867 0.09382364558859979
666.21067 0.21040940172158945
668.87825 0.016325304549524827
673.76881 0.23228620662193647
679.10397 0.07259638766329723
691.99726 0.3255001573531842
709.78112 0.22261062138701115
717.33926 0.09382364558859979
717.33926 0.17421465496645236
735.12312 0.11505090351390236
763.57729 0.17547747218170054
766.24487 0.2080942368269678
771.13543 0.09013356100494817
781.36115 0.10428197576538133
784.02873 0.2710005743922592
794.25445 0.20451625471709795
794.25445 0.32781532224780585
809.37073 0.14857689812315944
814.70588 0.1523318366507946
814.70588 0.22486800615476113
819.59644 0.261782759345236
827.59918 0.01801750340769361
829.82216 0.3150015671597093
840.04788 0.3343791470085332
858.27633 0.1355002871961296
860.49932 0.2814709367657994
863.16689 0.18949233346902541
870.72503 0.16457499096007122
873.39261 0.22486800615476113
878.72777 0.10981710264085877
888.95349 0.1294026840710741
891.17647 0.14749705074098732
893.84405 0.08674943820838323
914.29549 0.020307857775293356
924.5212 0.08674943820838323
929.85636 0.14644470306161383
955.19836 0.05844797290286409
962.7565 0.1294026840710741
975.64979 0.01861492317849059
980.98495 0.04767904515434305
983.65253 0.13781545209075127
1008.99453 0.017718793522295117
1019.22025 0.04767904515434305
1026.77839 0.13907826930599945
1045.00684 0.12224671985133444
1047.22982 0.024917342508954193
1062.7907 0.013437530411128102
1090.80027 0.007074207380216576
1093.46785 0.1367631044113778
1116.58687 0.013437530411128102
1126.81259 0.023072300217128378
1141.92886 0.01946102260757498
1149.487 0.026630059857138722
1152.15458 0.1355002871961296
1154.82216 0.04952408744616886
1165.04788 0.08859448050020904
1180.60876 0.047239570472366516
1180.60876 0.0535117423271008
1185.49932 0.03922443379371838
1190.83447 0.05983394440894617
1190.83447 0.10612701805720713
1205.76835 0.0
1205.76835 0.0
1205.95075 0.05525397141238066
1208.61833 0.14391906863111745
1218.84405 0.040917368390521146
1223.73461 0.048085669901450905
1223.73461 0.09566868788042562
1236.62791 0.02692876974253721
1244.18605 0.01861492317849059
1246.85363 0.13781545209075127
1249.5212 0.04244988006595229
1254.78796 8.608142017641195e-05
1254.78796 0.00023362
1267.30506 0.026032640086341742
1269.97264 0.022050086860573217
1271.31783 0.00022587176063383304
1271.31783 0.0006146700000000001
1274.8632 0.03519258607947276
1274.8632 0.14391906863111745
1282.86594 0.014148414760433152
1291.26767 0.0003494758511435528
1291.26767 0.00095085
1297.98222 0.04350569690488539
1305.54036 0.05152083358353353
1323.76881 0.04639347104328212
1323.76881 0.15002268517148368
1328.65937 0.0326535520535856
1333.99453 0.008919249672042395
1340.28728 0.00032593221485598714
1340.28728 0.0008853299999999999
1344.22025 0.021153957204377745
1356.66895 0.028301465305519136
1356.81715 0.00026707312413707296
1356.81715 0.00072507
1372.77702 0.0002052710788822131
1372.77702 0.00055769
1377.56498 0.15612028829653918
1379.78796 0.01229272109664522
1385.88691 0.0001419975563593804
1385.88691 0.00038533
1402.90698 0.007414038214681224
1405.83675 7.578107930060199e-05
1405.83675 0.00020513
1412.1067 2.1222380897338485e-05
1412.1067 5.769e-05
1418.46785 0.13192230508625977
1420.69083 0.021227257925302556
1438.91929 0.1064675180760429
1441.14227 0.0
1466.92886 0.017843135128737617
1482.04514 0.006269228900198343
1491.33607 1.2051398824697673e-05
1491.33607 3.276e-05
1492.27086 0.08100671765051533
1500.2736 0.023072300217128378
1535.84131 0.006020549241910931
1536.9357 6.052553872489341e-05
1536.9357 0.0001478834654312718
1536.9357 0.00016453000000000003
1536.9357 0.00040171
1541.17647 0.05680873444023594
1561.62791 0.023072300217128378
1563.15549 0.0001640697153789732
1563.15549 0.00044657999999999997
1589.63748 0.03261075122995655
1605.19836 0.1294026840710741
1605.19836 0.2600621719420857
1607.42134 0.019377579848823913
1610.08892 0.3374909074827312
1619.01505 9.196732924830337e-05
1619.01505 0.00013537590865350256
1619.01505 0.00025
1619.01505 0.00036895
1625.64979 0.007165358556393812
1627.87278 0.08458469976038517
1638.39489 5.13545566522526e-05
1638.39489 0.0001396
1656.32695 0.04839596642055878
1663.88509 0.014148414760433152
1684.56452 1.3625879501428626e-05
1684.56452 3.704e-05
1722.57182 0.006866648670995322
1722.57182 0.014148414760433152
1733.58413 4.244476179467697e-05
1733.58413 0.00011538
1743.84405 0.00012360409050971973
1743.84405 0.00033618
1763.27751 0.006525265944825621
1766.64387 0.0002324934083397109
1766.64387 0.00063106
1783.17373 0.0003060672717383536
1783.17373 0.00083191
1786.59371 0.010764291963868211
1786.59371 0.02903878253539741
1810.27911 0.004806580495833327
1819.08345 0.00036786931699321347
1819.08345 0.001
1843.37207 0.004806580495833327
1854.99316 0.0002486796582874123
1854.99316 0.000322253521686055
1854.99316 0.00067593
1854.99316 0.0008767800000000001
1865.73187 0.014516384560043354
1871.06703 0.003690084583651635
1895.64935 0.0038545347034548904
1907.43274 0.00011918965870580115
1907.43274 0.00032407000000000003
1932.42134 0.0023151648946216617
1942.65095 0.0017186854489922932
1945.31464 0.003690084583651635
1963.29229 6.025699412348837e-06
1963.29229 1.638e-05
1989.65254 0.0
1991.10807 0.008919249672042395
1996.44323 0.0
