50.0 0.023100220025102196
52.22298 0.7077724606206248
57.55814 0.0011254728699053654
57.55814 0.012381676631698084
60.22572 0.05233841103489703
62.4487 0.16076012113195584
72.67442 0.28684401947298915
72.67442 0.6878342228745659
78.00958 0.043654481762580986
78.00958 0.42754738453584445
82.90014 0.036607369526705645
85.56772 0.05740722921023849
93.12585 0.05177912732934213
93.12585 0.5706903280972304
93.12585 0.6574121698926094
101.12859 0.6864217715552002
108.68673 0.7077724606206248
116.24487 0.06587408933246235
116.24487 0.7479887356532771
116.24487 0.7881368913149699
121.58003 0.842403037401156
123.80301 0.7881950165817959
126.47059 0.9002134680924843
142.03146 0.9994104133362867
144.25445 0.7822585187265783
149.5896 0.7158177144479819
152.25718 0.6434304182100347
157.14774 0.061909858221229484
162.4829 0.7179064822118548
162.4829 0.8088508032157781
170.04104 0.6675561855879727
172.70862 0.7119699843566373
177.59918 0.6574121698926094
180.26676 0.6112593970047397
187.8249 0.7180912813626937
195.82763 0.0577007666953121
200.71819 0.5951688893500254
208.27633 0.6514656779332585
216.27907 0.5832759054313237
218.50205 0.058287841665459326
218.50205 0.630383483166443
221.16963 0.6236768928291541
226.50479 0.6053129050453888
238.95349 0.7238529741712058
241.62107 0.7780609949905659
246.95622 0.05657529382540674
251.84679 0.5710431219720875
251.84679 0.6053129050453888
251.84679 0.6616096936286218
257.18194 0.637693216527354
259.40492 0.8284112916144479
259.40492 0.8868068420656872
262.0725 0.04898904615840373
262.0725 0.752176265285156
269.63064 0.5266293232034228
269.63064 0.5608991062767241
290.08208 0.04389934217726551
290.08208 0.5227815931120783
298.08482 0.03631383204163203
302.97538 0.5811871376674508
305.64295 0.5146520397084733
308.31053 0.7441410055619323
310.53352 0.5570513761853795
310.53352 0.6735026775473236
328.76197 0.5105488096528421
341.21067 0.4846640799474322
343.87825 0.43790884155358895
346.54583 0.03264313841547279
366.99726 0.47453005835620227
374.5554 0.02843404688955541
379.89056 0.3641993627861763
379.89056 0.4462067672422519
418.12585 0.02422569289500756
425.68399 0.4220710057601806
459.02873 0.30451520985164465
469.25445 0.022512407523585437
471.92202 0.4301162595875377
484.81532 0.028728321905998555
487.0383 0.03802637988168463
502.59918 0.04615102544844577
502.59918 0.058287841665459326
512.8249 0.06528627683094558
512.8249 0.5206828312440719
515.49248 0.6032141431773826
520.38304 0.07375313695316943
538.16689 0.05265973978456297
538.16689 0.06504141641626106
540.83447 0.4140357460369568
540.83447 0.46053831256949423
543.50205 0.03239827800078827
543.50205 0.04336094427750737
551.06019 0.023932155409933948
566.62107 0.018009778512594443
579.51436 0.23446059776468753
589.74008 0.38395349259553463
602.18878 0.015220434873025575
625.3078 0.35597999512625195
640.86867 0.01492689738795196
666.21067 0.3496937036263667
668.87825 0.19974836643504135
673.76881 0.3860522544635408
679.10397 0.011549741246866332
691.99726 0.5409708626347987
709.78112 0.36997174091296
717.33926 0.01492689738795196
717.33926 0.2895391908476556
735.12312 0.01830405352903759
763.57729 0.29163795271566184
766.24487 0.345845973535022
771.13543 0.014339822417804732
781.36115 0.016590768157615465
784.02873 0.45039429687413096
794.25445 0.3398994815756711
794.25445 0.5448185927261433
809.37073 0.023637880393490802
814.70588 0.035775434141873896
814.70588 0.25317064590634814
819.59644 0.04164839643745478
827.59918 0.22045327620116847
829.82216 0.05011525655967863
840.04788 0.05319813768432111
858.27633 0.22519714843706548
860.49932 0.044780692163855884
863.16689 0.030147332260977537
870.72503 0.02618310114974468
873.39261 0.035775434141873896
878.72777 0.017471380612836304
888.95349 0.2150631268458355
891.17647 0.2451353861831244
893.84405 0.013801424518046595
914.29549 0.2484769214628875
924.5212 0.013801424518046595
929.85636 0.24338641795978588
955.19836 0.009298795507055601
962.7565 0.2150631268458355
975.64979 0.22776300956207945
980.98495 0.007585510135633476
983.65253 0.22904487852841018
1008.99453 0.21679840952071297
1019.22025 0.007585510135633476
1026.77839 0.23114364039641638
1045.00684 0.2031701429271337
1047.22982 0.003964231111232857
1062.7907 0.16441498781241132
1090.80027 0.0011254728699053654
1093.46785 0.22729591030507168
1116.58687 0.16441498781241132
1126.81259 0.0036706936261592426
1141.92886 0.23811546444514303
1149.487 0.3258322647760747
1152.15458 0.22519714843706548
1154.82216 0.00787904762070709
1165.04788 0.01409496200312021
1180.60876 0.5780000614581414
1180.60876 0.6547432596130256
1185.49932 0.47993080624414614
1190.83447 0.016884305642689078
1190.83447 0.7320986029262129
1205.76835 0.0
1205.76835 0.0
1205.95075 0.6760603145374556
1208.61833 0.23918889422377348
1218.84405 0.5006447181449541
1223.73461 0.015220434873025575
1223.73461 0.5883525163412049
1236.62791 0.3294871314565302
1244.18605 0.22776300956207945
1246.85363 0.22904487852841018
1249.5212 0.006753574750801725
1254.78796 0.00023362
1254.78796 0.0010532497576682066
1267.30506 0.3185225314151637
1269.97264 0.26979397638731756
1271.31783 0.0006146700000000001
1271.31783 0.0027636553470439264
1274.8632 0.23918889422377348
1274.8632 0.430599108192678
1282.86594 0.0022509457398107308
1291.26767 0.00095085
1291.26767 0.0042760139734393
1297.98222 0.5323142279524478
1305.54036 0.630383483166443
1323.76881 0.2493329099191368
1323.76881 0.5676476065750777
1328.65937 0.39953274140880635
1333.99453 0.0014190103549789799
1340.28728 0.0008853299999999999
1340.28728 0.003987945663649705
1344.22025 0.25882937634595105
1356.66895 0.004502629010990994
1356.81715 0.00072507
1356.81715 0.0032677748891757176
1372.77702 0.00055769
1372.77702 0.002511595575978031
1377.56498 0.25946693151036676
1379.78796 0.15040766624889226
1385.88691 0.00038533
1385.88691 0.0017374119934184947
1402.90698 0.09071451117967964
1405.83675 0.00020513
1405.83675 0.0009272198721352588
1412.1067 5.769e-05
1412.1067 0.0002596665748712771
1418.46785 0.21925065647771455
1420.69083 0.003377156141085628
1438.91929 0.17694561368118958
1441.14227 0.0
1466.92886 0.0028387582413274917
1482.04514 0.07670718961616058
1491.33607 3.276e-05
1491.33607 0.00014745496607354892
1492.27086 0.13463057678053117
1500.2736 0.0036706936261592426
1535.84131 0.07366446809400799
1536.9357 0.00016453000000000003
1536.9357 0.00040171
1536.9357 0.0007405606095262821
1536.9357 0.0018094290708658934
1541.17647 0.094414301747879
1561.62791 0.0036706936261592426
1563.15549 0.00044657999999999997
1563.15549 0.0020074760338462403
1589.63748 0.054198026715226826
1605.19836 0.2150631268458355
1605.19836 0.4322150214555439
1607.42134 0.003082881124642482
1610.08892 0.5608991062767241
1619.01505 0.00025
1619.01505 0.00036895
1619.01505 0.0011252668351156053
1619.01505 0.001656392781290171
1625.64979 0.08767178965752705
1627.87278 0.1405770687398821
1638.39489 0.0001396
1638.39489 0.0006283490007285541
1656.32695 0.08043255006530435
1663.88509 0.0022509457398107308
1684.56452 3.704e-05
1684.56452 0.00016671953429072808
1722.57182 0.0022509457398107308
1722.57182 0.08401692297707156
1733.58413 0.00011538
1733.58413 0.0005193331497425542
1743.84405 0.00033618
1743.84405 0.0015123586263953736
1763.27751 0.07983993248512243
1766.64387 0.00063106
1766.64387 0.0028446745591722503
1783.17373 0.00083191
1783.17373 0.0037448880272647343
1786.59371 0.0017125478400525941
1786.59371 0.048261528860009284
1810.27911 0.058810945870481995
1819.08345 0.001
1819.08345 0.004501067340462421
1843.37207 0.058810945870481995
1854.99316 0.00067593
1854.99316 0.0008767800000000001
1854.99316 0.003042721522152597
1854.99316 0.003942934990245082
1865.73187 0.02412576737793796
1871.06703 0.0005870749701472286
1895.64935 0.04716218359336525
1907.43274 0.00032407000000000003
1907.43274 0.0014583458183098244
1932.42134 0.0038477300913447037
1942.65095 0.021028986614640432
1945.31464 0.0005870749701472286
1963.29229 1.638e-05
1963.29229 7.372748303677446e-05
1989.65254 0.0
1991.10807 0.0014190103549789799
1996.44323 0.0
