50.0 0.07513297476732077
52.22298 0.07207384033893179
57.55814 0.0036605765938166565
57.55814 0.040271140142197924
60.22572 0.044918446057289216
62.4487 0.13796931711232727
72.67442 0.07004349097680906
72.67442 0.24617842538174467
78.00958 0.14198527430406807
78.00958 0.36693441297641793
82.90014 0.11906469150333536
85.56772 0.18671579314083034
93.12585 0.06694555440623184
93.12585 0.1684105113666397
93.12585 0.48978412242893876
101.12859 0.5891084331466048
108.68673 0.07207384033893179
116.24487 0.07616914150844649
116.24487 0.21425407577321254
116.24487 0.6764035005702907
121.58003 0.08578353269840805
123.80301 0.08026342495898267
126.47059 0.7725910914566428
142.03146 0.1017718978507629
144.25445 0.07965889988574913
149.5896 0.07289310411663043
152.25718 0.06552176555529966
157.14774 0.2013604983212043
162.4829 0.07310580738313852
162.4829 0.6941808215847082
170.04104 0.06797853916941708
172.70862 0.07250128230990498
177.59918 0.06694555440623184
180.26676 0.062245728163483616
187.8249 0.6162881877440495
195.82763 0.18767051757355577
200.71819 0.06060720060808633
208.27633 0.0663400116140198
216.27907 0.05939611502366225
218.50205 0.18957996643900665
218.50205 0.5410146377034287
221.16963 0.5352588340720768
226.50479 0.061640185371271576
238.95349 0.07371135017535056
241.62107 0.07923145791477594
246.95622 0.18400994097973913
251.84679 0.058150426993968905
251.84679 0.061640185371271576
251.84679 0.06737299637720505
257.18194 0.5472880773660567
259.40492 0.08435872612849737
259.40492 0.09030525811991744
262.0725 0.07659556576044117
262.0725 0.15933583164553328
269.63064 0.053627683853481004
269.63064 0.05711744223078367
290.08208 0.053235862046755573
290.08208 0.1427816775997084
298.08482 0.1181099670706099
302.97538 0.05918341175715415
305.64295 0.4416903269857627
308.31053 0.07577731970172105
310.53352 0.05672562042405822
310.53352 0.06858408196162913
328.76197 0.051990174017062234
341.21067 0.04935428186272747
343.87825 0.3758269364390839
346.54583 0.10617111405132713
366.99726 0.048322314818520735
374.5554 0.0924811333036786
379.89056 0.04543809923343011
379.89056 0.312567177870614
418.12585 0.07879355136113743
425.68399 0.042980307900334185
459.02873 0.26134438850703856
469.25445 0.07322112709676254
471.92202 0.04379957167803283
484.81532 0.0934382565415114
487.0383 0.12367999252987745
502.59918 0.15010522959244907
502.59918 0.18957996643900665
512.8249 0.053022141061268964
512.8249 0.21234222810265427
515.49248 0.061426464385784973
520.38304 0.23988051073503647
538.16689 0.17127468466481602
538.16689 0.21154582480701395
540.83447 0.04216206184161406
540.83447 0.046897508248610054
543.50205 0.10537471075568682
543.50205 0.14103054987134264
551.06019 0.07783882692841199
566.62107 0.05857642191638855
579.51436 0.20122134976988265
589.74008 0.0390987277163061
602.18878 0.049504141000389475
625.3078 0.03625013229546324
640.86867 0.048549416567664025
666.21067 0.03560998705798194
668.87825 0.1714302372833145
673.76881 0.03931244870179269
679.10397 0.037565287981106706
691.99726 0.05508811058763946
709.78112 0.03767493886537392
717.33926 0.029484336526344523
717.33926 0.048549416567664025
735.12312 0.05953354515422135
763.57729 0.029698057511831126
766.24487 0.035218165251256504
771.13543 0.04663996770221314
781.36115 0.053961120889846455
784.02873 0.04586452348542481
794.25445 0.034612622459044465
794.25445 0.055479932394364884
809.37073 0.07688170369057919
814.70588 0.025780857163555257
814.70588 0.11635883934224414
819.59644 0.1354605244120751
827.59918 0.18919983238681726
829.82216 0.16299880704445727
840.04788 0.17302581239318182
858.27633 0.022932261742712404
860.49932 0.1456482497029921
863.16689 0.0980535575680535
870.72503 0.0851599801160453
873.39261 0.11635883934224414
878.72777 0.05682529418802278
888.95349 0.021900294698505667
891.17647 0.024962611104835126
893.84405 0.04488883997384737
914.29549 0.21325059306386254
924.5212 0.04488883997384737
929.85636 0.02478451028359629
955.19836 0.030244134793473397
962.7565 0.021900294698505667
975.64979 0.19547327204944523
980.98495 0.0246717105290985
983.65253 0.02332408354943784
1008.99453 0.18606311255550328
1019.22025 0.0246717105290985
1026.77839 0.023537804534924447
1045.00684 0.02068920911408159
1047.22982 0.01289357745200821
1062.7907 0.14110603694364124
1090.80027 0.0036605765938166565
1093.46785 0.023145982728199007
1116.58687 0.14110603694364124
1126.81259 0.011938853019282766
1141.92886 0.20435806960119662
1149.487 0.2796393455527319
1152.15458 0.022932261742712404
1154.82216 0.025626434961823943
1165.04788 0.04584356440657282
1180.60876 0.4960575620915667
1180.60876 0.5619209526382455
1185.49932 0.41189148858828
1190.83447 0.0549158453225719
1190.83447 0.6283097051271148
1205.76835 0.0
1205.76835 0.0
1205.95075 0.5802159096839388
1208.61833 0.024357068312623086
1218.84405 0.4296688096026973
1223.73461 0.049504141000389475
1223.73461 0.504942359643318
1236.62791 0.28277606538404587
1244.18605 0.19547327204944523
1246.85363 0.02332408354943784
1249.5212 0.02196585836800729
1254.78796 0.00023362
1254.78796 0.0009039315770042721
1267.30506 0.2733659058901039
1269.97264 0.23154555010955588
1271.31783 0.0006146700000000001
1271.31783 0.0023718546507718935
1274.8632 0.024357068312623086
1274.8632 0.36955349677645594
1282.86594 0.007321153187633313
1291.26767 0.00095085
1291.26767 0.0036698076844190533
1297.98222 0.456848564200142
1305.54036 0.5410146377034287
1323.76881 0.02539005307580833
1323.76881 0.48717276453981523
1328.65937 0.3428913782102872
1333.99453 0.0046153010265421015
1340.28728 0.0008853299999999999
1340.28728 0.0034225785351529275
1344.22025 0.22213539061561394
1356.66895 0.014644705180373977
1356.81715 0.00072507
1356.81715 0.0028045056619876137
1372.77702 0.00055769
1372.77702 0.0021555291451640333
1377.56498 0.026422020120015068
1379.78796 0.1290845195605759
1385.88691 0.00038533
1385.88691 0.0014911008065113208
1402.90698 0.0778540042860859
1405.83675 0.00020513
1405.83675 0.0007957688242003422
1412.1067 5.769e-05
1412.1067 0.00022285390033066862
1418.46785 0.022326718950500365
1420.69083 0.01098412858655732
1438.91929 0.018018714514477573
1441.14227 0.0
1466.92886 0.009233000858191554
1482.04514 0.06583248690302053
1491.33607 3.276e-05
1491.33607 0.0001265504207805981
1492.27086 0.01370969235947627
1500.2736 0.011938853019282766
1535.84131 0.06322112901389708
1536.9357 0.00016453000000000003
1536.9357 0.00040171
1536.9357 0.0006355720613868073
1536.9357 0.0015529080938278522
1541.17647 0.00961439118996157
1561.62791 0.011938853019282766
1563.15549 0.00044657999999999997
1563.15549 0.0017228781339483138
1589.63748 0.005519090020446872
1605.19836 0.021900294698505667
1605.19836 0.044013292663519436
1607.42134 0.010027005348724524
1610.08892 0.05711744223078367
1619.01505 0.00025
1619.01505 0.00036895
1619.01505 0.0009657388643208036
1619.01505 0.001421567608280223
1625.64979 0.07524264639696245
1627.87278 0.01431523515168831
1638.39489 0.0001396
1638.39489 0.0005392685818367368
1656.32695 0.008190602339029398
1663.88509 0.007321153187633313
1684.56452 3.704e-05
1684.56452 0.00014308387013777025
1722.57182 0.007321153187633313
1722.57182 0.07210592656564847
1733.58413 0.00011538
1733.58413 0.00044570780066133725
1743.84405 0.00033618
1743.84405 0.00129795303364716
1763.27751 0.06852110390128965
1766.64387 0.00063106
1766.64387 0.0024413878490029913
1783.17373 0.00083191
1783.17373 0.003213978940459634
1786.59371 0.0049145649472133405
1786.59371 0.005570025459267547
1810.27911 0.05047337600486248
1819.08345 0.001
1819.08345 0.0038629554572832143
1843.37207 0.05047337600486248
1854.99316 0.00067593
1854.99316 0.0008767800000000001
1854.99316 0.002611357889123453
1854.99316 0.0033839489805800958
1865.73187 0.002456773614117417
1871.06703 0.0019094488654508902
1895.64935 0.04047604728141352
1907.43274 0.00032407000000000003
1907.43274 0.0012515975681597613
1932.42134 0.0003918218067254372
1942.65095 0.018047727896427175
1945.31464 0.0019094488654508902
1963.29229 1.638e-05
1963.29229 6.327521039029905e-05
1989.65254 0.0
1991.10807 0.0046153010265421015
1996.44323 0.0
