50.0 0.19292108658386187
52.22298 0.4653765673822599
57.55814 0.009399367137925775
57.55814 0.10340535747804583
60.22572 0.05225500898192239
62.4487 0.16050394743707774
72.67442 0.2863869291709623
72.67442 0.4522667204213086
78.00958 0.3645796467194146
78.00958 0.4268660812843863
82.90014 0.3057258111998335
85.56772 0.47943547831895716
93.12585 0.43226352535908524
93.12585 0.43243248314889715
93.12585 0.5697809243909477
101.12859 0.6853279480358727
108.68673 0.4653765673822599
116.24487 0.49181968726740677
116.24487 0.5501463136684905
116.24487 0.7868809832073108
121.58003 0.5538992482900166
123.80301 0.5182562358006935
126.47059 0.898778964257351
142.03146 0.6571351860125954
144.25445 0.5143528527957786
149.5896 0.4706665056296613
152.25718 0.423070204106769
157.14774 0.5170391063510914
162.4829 0.4720399181684276
162.4829 0.8075618871748725
170.04104 0.4389334474971131
172.70862 0.4681365351635128
177.59918 0.43226352535908524
180.26676 0.4019170224690236
187.8249 0.7169469919984464
195.82763 0.4818869515305525
200.71819 0.3913371459742208
208.27633 0.4283535710023103
216.27907 0.38351723726067094
218.50205 0.4867898979537431
218.50205 0.6293789575108526
221.16963 0.6226830542271354
226.50479 0.3980070681122487
238.95349 0.4759498725252026
241.62107 0.5115928850145257
246.95622 0.4724875843926267
251.84679 0.37547390258387675
251.84679 0.3980070681122487
251.84679 0.43502349314033817
257.18194 0.6366770427006223
259.40492 0.5446993556858403
259.40492 0.5830957646045563
262.0725 0.4091311686778793
262.0725 0.4945730836967995
269.63064 0.34627081491747697
269.63064 0.3688039804458489
290.08208 0.3437408444513285
290.08208 0.3666245942225544
298.08482 0.30327433798823816
302.97538 0.38214382472190456
305.64295 0.5138319338659276
308.31053 0.48928971680125827
310.53352 0.3662740099797004
310.53352 0.44284340185388804
328.76197 0.33569750977453433
341.21067 0.3186777084568081
343.87825 0.43721102716298843
346.54583 0.27261860388243436
366.99726 0.3120143576706404
374.5554 0.23746644906189543
379.89056 0.2933911464990434
379.89056 0.3636190055695965
418.12585 0.20232045372178764
425.68399 0.27752133175683924
459.02873 0.30402996023933415
469.25445 0.1880119806802401
471.92202 0.28281127000424067
484.81532 0.23992408175392188
487.0383 0.31757665154935455
502.59918 0.38542948797883714
502.59918 0.4867898979537431
512.8249 0.34236086056070203
512.8249 0.5452372077648687
515.49248 0.3966270842216222
520.38304 0.6159480431144021
538.16689 0.4397869027836831
538.16689 0.543192260261729
540.83447 0.272237964861298
540.83447 0.3028144650664641
543.50205 0.27057365637929454
543.50205 0.3621281735078193
551.06019 0.19986898051019233
566.62107 0.15040835264810584
579.51436 0.23408698124082708
589.74008 0.25245819576231887
602.18878 0.12711319765751916
625.3078 0.23406498190582634
640.86867 0.12466172444592383
666.21067 0.2299316015858071
668.87825 0.19943006437906363
673.76881 0.25383817965294536
679.10397 0.09645746355171536
691.99726 0.35570070483675775
709.78112 0.2432648745100027
717.33926 0.12466172444592383
717.33926 0.190378634739709
735.12312 0.15286598534013232
763.57729 0.19175861863033547
766.24487 0.22740163111965864
771.13543 0.1197587780227332
781.36115 0.13855751229858476
784.02873 0.2961445429284362
794.25445 0.2234916767628837
794.25445 0.3582306753029062
809.37073 0.19741134781816588
814.70588 0.16646548532071065
814.70588 0.298777917273503
819.59644 0.34782585994670284
827.59918 0.22010198055698268
829.82216 0.4185366952962362
840.04788 0.44428332349841826
858.27633 0.1480722714642181
860.49932 0.37398517333777154
863.16689 0.251774922103443
870.72503 0.21866771478604388
873.39261 0.298777917273503
878.72777 0.1459119319333707
888.95349 0.1414089206780504
891.17647 0.16118211842516939
893.84405 0.11526235730799805
914.29549 0.24808096971431404
924.5212 0.11526235730799805
929.85636 0.16003213184964735
955.19836 0.07765872927586381
962.7565 0.1414089206780504
975.64979 0.2274000657467524
980.98495 0.06335025623431625
983.65253 0.1506022419303666
1008.99453 0.21645293796209783
1019.22025 0.06335025623431625
1026.77839 0.15198222582099305
1045.00684 0.13358901196450051
1047.22982 0.033107207317399114
1062.7907 0.1641529900319626
1090.80027 0.009399367137925775
1093.46785 0.14945225535484455
1116.58687 0.1641529900319626
1126.81259 0.030655734105803793
1141.92886 0.23773602383571193
1149.487 0.3253130461129482
1152.15458 0.1480722714642181
1154.82216 0.06580172944591157
1165.04788 0.11771383051959339
1180.60876 0.5770790095807175
1180.60876 0.6536999162836565
1185.49932 0.47916602921452156
1190.83447 0.14100898551018007
1190.83447 0.7309319926822908
1205.76835 0.0
1205.76835 0.0
1205.95075 0.6749830021572706
1208.61833 0.15727216406839445
1218.84405 0.4998469331820832
1223.73461 0.12711319765751916
1223.73461 0.5874149676696769
1236.62791 0.32896208870783306
1244.18605 0.2274000657467524
1246.85363 0.1506022419303666
1249.5212 0.0564023623079858
1254.78796 0.00023362
1254.78796 0.0010515713881811008
1267.30506 0.3180149609231785
1269.97264 0.26936405558792814
1271.31783 0.0006146700000000001
1271.31783 0.0027592514202700673
1274.8632 0.15727216406839445
1274.8632 0.4299129419732187
1282.86594 0.01879873427585155
1291.26767 0.00095085
1291.26767 0.004269200080222417
1297.98222 0.5314659771446568
1305.54036 0.6293789575108526
1323.76881 0.16394208620642228
1323.76881 0.5667430514917579
1328.65937 0.3988960799166975
1333.99453 0.011850840349521096
1340.28728 0.0008853299999999999
1340.28728 0.003981590811660065
1344.22025 0.2584169278032736
1356.66895 0.03760362803213425
1356.81715 0.00072507
1356.81715 0.0032625676402541844
1372.77702 0.00055769
1372.77702 0.0025075933102780092
1377.56498 0.17060543699259
1379.78796 0.15016798934811823
1385.88691 0.00038533
1385.88691 0.0017346434010166876
1402.90698 0.09056995622821326
1405.83675 0.00020513
1405.83675 0.0009257423331850717
1412.1067 5.769e-05
1412.1067 0.0002592527922400329
1418.46785 0.14416231710744315
1420.69083 0.02820426089420847
1438.91929 0.11634578468353002
1441.14227 0.0
1466.92886 0.02370784017947334
1482.04514 0.07658495554436888
1491.33607 3.276e-05
1491.33607 0.0001472199943453541
1492.27086 0.08852268090775672
1500.2736 0.030655734105803793
1535.84131 0.07354708264517903
1536.9357 0.00016453000000000003
1536.9357 0.00040171
1536.9357 0.0007393805149463098
1536.9357 0.0018065457181572757
1541.17647 0.062079561022609885
1561.62791 0.030655734105803793
1563.15549 0.00044657999999999997
1563.15549 0.002004277090293893
1589.63748 0.035636441137463046
1605.19836 0.1414089206780504
1605.19836 0.2841912538948671
1607.42134 0.025746628202182004
1610.08892 0.3688039804458489
1619.01505 0.00025
1619.01505 0.00036895
1619.01505 0.001123473705321689
1619.01505 0.001653753294233526
1625.64979 0.08753208332902342
1627.87278 0.09243263526453167
1638.39489 0.0001396
1638.39489 0.0006273477170516311
1656.32695 0.05288623977029367
1663.88509 0.01879873427585155
1684.56452 3.704e-05
1684.56452 0.0001664538641804614
1722.57182 0.01879873427585155
1722.57182 0.08388304073413858
1733.58413 0.00011538
1733.58413 0.0005185055844800659
1743.84405 0.00033618
1743.84405 0.0015099486599523498
1763.27751 0.07971270633998447
1766.64387 0.00063106
1766.64387 0.002840141527053229
1783.17373 0.00083191
1783.17373 0.00373892049131058
1786.59371 0.014302313561116418
1786.59371 0.03173305813254823
1810.27911 0.05871722973493274
1819.08345 0.001
1819.08345 0.004493894821286756
1843.37207 0.05871722973493274
1854.99316 0.00067593
1854.99316 0.0008767800000000001
1854.99316 0.0030378728991898468
1854.99316 0.003936651863447198
1865.73187 0.01586324339034405
1871.06703 0.0049029464231906406
1895.64935 0.04708702993744262
1907.43274 0.00032407000000000003
1907.43274 0.0014560219220969086
1932.42134 0.002529970466148492
1942.65095 0.02099547660505172
1945.31464 0.0049029464231906406
1963.29229 1.638e-05
1963.29229 7.360999717267705e-05
1989.65254 0.0
1991.10807 0.011850840349521096
1996.44323 0.0
