50.0 0.09973128321121015
52.22298 0.581526686384274
57.55814 0.004859038286782245
57.55814 0.05345578948787702
60.22572 0.026444953727297067
62.4487 0.08122703537359321
72.67442 0.14493326549133018
72.67442 0.5651448433854088
78.00958 0.18847082319439126
78.00958 0.21602625254975005
82.90014 0.15804611098586943
85.56772 0.24784597845889228
93.12585 0.22354760285834488
93.12585 0.28835188193016814
93.12585 0.5401491892056869
101.12859 0.34682734204680576
108.68673 0.581526686384274
116.24487 0.28440021144202476
116.24487 0.39822079443152014
116.24487 0.6145695616862454
121.58003 0.6921431310147058
123.80301 0.6476042255380922
126.47059 0.45484956531298704
142.03146 0.8211450124744404
144.25445 0.642726624163994
149.5896 0.5881369037346932
152.25718 0.5286613704811695
157.14774 0.2672853157726574
162.4829 0.408686882929372
162.4829 0.5898530968107648
170.04104 0.5484838110823025
172.70862 0.5849754954366666
177.59918 0.5401491892056869
180.26676 0.5022287125296173
187.8249 0.3628289497545166
195.82763 0.2491132767800845
200.71819 0.48900827782877876
208.27633 0.535263376381464
216.27907 0.4792366521803329
218.50205 0.2516478734224689
218.50205 0.3185129566060723
221.16963 0.3151243273444906
226.50479 0.49734289970539436
238.95349 0.5947389096349877
241.62107 0.6392778151116013
246.95622 0.24425423849330227
251.84679 0.46918583722764573
251.84679 0.49734289970539436
251.84679 0.5435979982580795
257.18194 0.3222063350764138
259.40492 0.6806471008400636
259.40492 0.7286266039189452
262.0725 0.21150190047374642
262.0725 0.6180101592885133
269.63064 0.4326941528732816
269.63064 0.4608512153510302
290.08208 0.18952796651759685
290.08208 0.4295327445752551
298.08482 0.1567788126646772
302.97538 0.47752045910426133
305.64295 0.2600374964894347
308.31053 0.6114081533882189
310.53352 0.45768980705300355
310.53352 0.5533696239065254
328.76197 0.4194819296225679
341.21067 0.3982142737994799
343.87825 0.22126157104650254
346.54583 0.14093121531650207
366.99726 0.38988786337298903
374.5554 0.12275917632392915
379.89056 0.18401848863867515
379.89056 0.36661661371946336
418.12585 0.1045903214979924
425.68399 0.34678596166820563
459.02873 0.15386196245842412
469.25445 0.09719350240218955
471.92202 0.3533961790186249
484.81532 0.12402965881175754
487.0383 0.1641724475938439
502.59918 0.1992492272577975
502.59918 0.2516478734224689
512.8249 0.28186243063300415
512.8249 0.42780834004905866
515.49248 0.49561849517919804
520.38304 0.31841666361613663
538.16689 0.22734949782192154
538.16689 0.2808052873097986
540.83447 0.34018395576791116
540.83447 0.37839183319834685
543.50205 0.1398740719932965
543.50205 0.18720352487319905
551.06019 0.10332302317680017
566.62107 0.0777541650884244
579.51436 0.11846556928576749
589.74008 0.31546749089243054
602.18878 0.06571164687046212
625.3078 0.2924836419932709
640.86867 0.06444434854926989
666.21067 0.28731863986480666
668.87825 0.1009265700472987
673.76881 0.31719189541862686
679.10397 0.04986404952228699
691.99726 0.44447758380228986
709.78112 0.3039796721679131
717.33926 0.06444434854926989
717.33926 0.23789392156397013
735.12312 0.0790246475762528
763.57729 0.23961832609016645
766.24487 0.28415723156678013
771.13543 0.06190975190688544
781.36115 0.07162782848044993
784.02873 0.3700572113217313
794.25445 0.2792714187425572
794.25445 0.4476389921003164
809.37073 0.1020525406889718
814.70588 0.1544543710202794
814.70588 0.20801245456002523
819.59644 0.17980988994403235
827.59918 0.11138811004949739
829.82216 0.21636412292716484
840.04788 0.22967393946631937
858.27633 0.18502860566086565
860.49932 0.19333304564780968
863.16689 0.13015599541973202
870.72503 0.11304109975036467
873.39261 0.1544543710202794
878.72777 0.0754297234440266
888.95349 0.17670219523437483
891.17647 0.20141044865973073
893.84405 0.059585310262487645
914.29549 0.12554757701769068
924.5212 0.059585310262487645
929.85636 0.19997344488790048
955.19836 0.040145972948722505
962.7565 0.17670219523437483
975.64979 0.11508148851983886
980.98495 0.032749153852919655
983.65253 0.18819001395889223
1008.99453 0.10954142081432666
1019.22025 0.032749153852919655
1026.77839 0.18991441848508858
1045.00684 0.16693056958592897
1047.22982 0.017114895669367344
1062.7907 0.08307372460876396
1090.80027 0.004859038286782245
1093.46785 0.18675301018706197
1116.58687 0.08307372460876396
1126.81259 0.015847597348175122
1141.92886 0.12031225852093821
1149.487 0.16463280016503565
1152.15458 0.18502860566086565
1154.82216 0.03401645217411187
1165.04788 0.06085260858367987
1180.60876 0.2920452604005096
1180.60876 0.3308211858434417
1185.49932 0.24249394875531277
1190.83447 0.07289512680164216
1190.83447 0.3699064089907867
1205.76835 0.0
1205.76835 0.0
1205.95075 0.34159202355005325
1208.61833 0.1965246358355078
1218.84405 0.25296003725316457
1223.73461 0.06571164687046212
1223.73461 0.29727603040160894
1236.62791 0.16647948940020638
1244.18605 0.11508148851983886
1246.85363 0.18819001395889223
1249.5212 0.02915741388732963
1254.78796 0.00023362
1254.78796 0.0005321739914161948
1267.30506 0.1609394216946942
1269.97264 0.13631841472430223
1271.31783 0.0006146700000000001
1271.31783 0.0013963881655108701
1274.8632 0.1965246358355078
1274.8632 0.21756819257616108
1282.86594 0.00971807657356449
1291.26767 0.00095085
1291.26767 0.002160535435236688
1297.98222 0.2689616449608755
1305.54036 0.3185129566060723
1323.76881 0.2048592577121234
1323.76881 0.2868144903994102
1328.65937 0.2018713340772099
1333.99453 0.006126336607974469
1340.28728 0.0008853299999999999
1340.28728 0.0020149835743365325
1344.22025 0.13077834701879004
1356.66895 0.01943933731376514
1356.81715 0.00072507
1356.81715 0.001651103922086143
1372.77702 0.00055769
1372.77702 0.001269030287223234
1377.56498 0.21318566813861423
1379.78796 0.07599626537249388
1385.88691 0.00038533
1385.88691 0.000877859661054065
1402.90698 0.0458351906965897
1405.83675 0.00020513
1405.83675 0.0004684950522723767
1412.1067 5.769e-05
1412.1067 0.0001312013571145311
1418.46785 0.18014279283664272
1420.69083 0.014580299026982895
1438.91929 0.14538372445859968
1441.14227 0.0
1466.92886 0.0122558573825851
1482.04514 0.03875773146031962
1491.33607 3.276e-05
1491.33607 7.450435879826728e-05
1492.27086 0.11061644463043187
1500.2736 0.015847597348175122
1535.84131 0.03722033992956173
1536.9357 0.00016453000000000003
1536.9357 0.00037418199490472877
1536.9357 0.00040171
1536.9357 0.000914247626279104
1541.17647 0.07757356932846038
1561.62791 0.015847597348175122
1563.15549 0.00044657999999999997
1563.15549 0.0010143145306479612
1589.63748 0.044530694026488904
1605.19836 0.17670219523437483
1605.19836 0.35512058354482123
1607.42134 0.01330981653915451
1610.08892 0.4608512153510302
1619.01505 0.00025
1619.01505 0.00036895
1619.01505 0.0005685619566412338
1619.01505 0.0008369232001758962
1625.64979 0.04429779916583181
1627.87278 0.1155022574546548
1638.39489 0.0001396
1638.39489 0.00031748499658846495
1656.32695 0.06608575060394296
1663.88509 0.00971807657356449
1684.56452 3.704e-05
1684.56452 8.42381394959652e-05
1722.57182 0.00971807657356449
1722.57182 0.04245110993066108
1733.58413 0.00011538
1733.58413 0.0002624027142290622
1743.84405 0.00033618
1743.84405 0.0007641472697258182
1763.27751 0.040340607947608825
1766.64387 0.00063106
1766.64387 0.001437324626389039
1783.17373 0.00083191
1783.17373 0.001892174191702026
1786.59371 0.007393634929166693
1786.59371 0.039653092652390726
1810.27911 0.029715322101897444
1819.08345 0.001
1819.08345 0.002274247826564935
1843.37207 0.029715322101897444
1854.99316 0.00067593
1854.99316 0.0008767800000000001
1854.99316 0.0015373915307578963
1854.99316 0.0019922410960708835
1865.73187 0.01982244060113299
1871.06703 0.002534596642384448
1895.64935 0.02382956872674739
1907.43274 0.00032407000000000003
1907.43274 0.0007368562958070389
1932.42134 0.0031614082980265957
1942.65095 0.010625285845711376
1945.31464 0.002534596642384448
1963.29229 1.638e-05
1963.29229 3.725217939913364e-05
1989.65254 0.0
1991.10807 0.006126336607974469
1996.44323 0.0
