50.0 0.14609572838784193
52.22298 0.1403751536697244
57.55814 0.007117974570411123
57.55814 0.07830704920580729
60.22572 0.011719739540286617
62.4487 0.03599778271593368
72.67442 0.06423078443613567
72.67442 0.1364207285638757
78.00958 0.09573741137364511
78.00958 0.27608972137787313
82.90014 0.23152075216406037
85.56772 0.3630680122130345
93.12585 0.12779031444039735
93.12585 0.1303870092545005
93.12585 0.3274734748953364
101.12859 0.15370517022469815
108.68673 0.1403751536697244
116.24487 0.14835139759249896
116.24487 0.17648145798969614
116.24487 0.4166160777886044
121.58003 0.1670769384320743
123.80301 0.15632565934730064
126.47059 0.20157790746967008
142.03146 0.1982167972856499
144.25445 0.15514825157142387
149.5896 0.14197079888787387
152.25718 0.12761395626047425
157.14774 0.39154457496032147
162.4829 0.1423850719942009
162.4829 0.18111976564057328
170.04104 0.13239890974694984
172.70862 0.14120766421832412
177.59918 0.1303870092545005
180.26676 0.1212333575558492
187.8249 0.16079668100948113
195.82763 0.364924469538738
200.71819 0.11804206711955023
208.27633 0.1292076193106509
216.27907 0.11568328723185099
218.50205 0.14115694548471117
218.50205 0.36863738419014513
221.16963 0.13965519007406213
226.50479 0.12005396761199957
238.95349 0.1435644619380505
241.62107 0.15431574102282417
246.95622 0.35780649496832695
251.84679 0.11325711363307464
251.84679 0.12005396761199957
251.84679 0.13121951980310023
257.18194 0.1427937580933649
259.40492 0.16430190327007518
259.40492 0.1758837107354757
262.0725 0.14918192597312582
262.0725 0.30982780136986765
269.63064 0.10444835916170035
269.63064 0.11124521314062528
290.08208 0.10368522449215062
290.08208 0.27763832397117355
298.08482 0.2296642948383568
302.97538 0.11526901412552398
305.64295 0.11524208970041039
308.31053 0.14758826292294921
310.53352 0.11048207847107554
310.53352 0.13357829969079948
328.76197 0.10125905089337425
341.21067 0.09612523584367591
343.87825 0.09805757308862101
346.54583 0.2064492493357774
366.99726 0.09411531751919942
374.5554 0.179829143914194
379.89056 0.08155237402500443
379.89056 0.0884978534841241
418.12585 0.15321370295825304
425.68399 0.08371091782967566
459.02873 0.06818775875976531
469.25445 0.14237814927079234
471.92202 0.08530656304782513
484.81532 0.18169026570554
487.0383 0.24049518406017503
502.59918 0.29187893757763833
502.59918 0.36863738419014513
512.8249 0.10326896921785073
512.8249 0.4128984986715548
515.49248 0.11963771233769972
520.38304 0.4664465642471247
538.16689 0.333042846872447
538.16689 0.41134989607825434
540.83447 0.08211725477949904
540.83447 0.09134028235720032
543.50205 0.20490064674247696
543.50205 0.2742332640521696
551.06019 0.1513572456325495
566.62107 0.11390158652350538
579.51436 0.052500966000475574
589.74008 0.07615092918120098
602.18878 0.09626057746367912
625.3078 0.07060284102517564
640.86867 0.09440412013797557
666.21067 0.0693560573702489
668.87825 0.0447281218884451
673.76881 0.07656718445550084
679.10397 0.07304553196109972
691.99726 0.10729277020274944
709.78112 0.07337787618717474
717.33926 0.05742538834162564
717.33926 0.09440412013797557
735.12312 0.11576270831485141
763.57729 0.057841643615925496
766.24487 0.06859292270069915
771.13543 0.09069120548656845
781.36115 0.1049271546273907
784.02873 0.08932838186475098
794.25445 0.06741353275684953
794.25445 0.10805590487229917
809.37073 0.14949612384120348
814.70588 0.05021227908840083
814.70588 0.2262592349193528
819.59644 0.26340237483035134
827.59918 0.04936441376024751
829.82216 0.31695044040592124
840.04788 0.3364479067914511
858.27633 0.04466419093237549
860.49932 0.2832123604139267
863.16689 0.1906646976016547
870.72503 0.16559319477337175
873.39261 0.2262592349193528
878.72777 0.11049652660450136
888.95349 0.042654272607899
891.17647 0.048618616038224205
893.84405 0.08728614556756445
914.29549 0.055639534019778336
924.5212 0.08728614556756445
929.85636 0.048271736642974315
955.19836 0.058809582820277484
962.7565 0.042654272607899
975.64979 0.05100122636890123
980.98495 0.04797402913281677
983.65253 0.04542732560192524
1008.99453 0.048546007455920644
1019.22025 0.04797402913281677
1026.77839 0.04584358087622511
1045.00684 0.04029549272019976
1047.22982 0.02507150282828295
1062.7907 0.03681618902026054
1090.80027 0.007117974570411123
1093.46785 0.045080446206675354
1116.58687 0.03681618902026054
1126.81259 0.0232150455025794
1141.92886 0.05331937230480244
1149.487 0.07296112360864708
1152.15458 0.04466419093237549
1154.82216 0.04983048645852033
1165.04788 0.089142602893268
1180.60876 0.12942712704905107
1180.60876 0.14661164366084042
1185.49932 0.1074672298093052
1190.83447 0.10678361195309426
1190.83447 0.1639332332497092
1205.76835 0.0
1205.76835 0.0
1205.95075 0.15138500850972222
1208.61833 0.047439226094374586
1218.84405 0.11210553746018231
1223.73461 0.09626057746367912
1223.73461 0.13174527298495228
1236.62791 0.07377952991297394
1244.18605 0.05100122636890123
1246.85363 0.04542732560192524
1249.5212 0.04271251188810921
1254.78796 0.00023362
1254.78796 0.000235846151739514
1267.30506 0.07132431099999335
1269.97264 0.06041289886866013
1271.31783 0.0006146700000000001
1271.31783 0.0006188441759318871
1274.8632 0.047439226094374586
1274.8632 0.09642076047996728
1282.86594 0.014235949140822246
1291.26767 0.00095085
1291.26767 0.0009574950604809328
1297.98222 0.1191970482449653
1305.54036 0.14115694548471117
1323.76881 0.049451126586823935
1323.76881 0.12710898111314986
1328.65937 0.08946430689318897
1333.99453 0.00897443189611468
1340.28728 0.0008853299999999999
1340.28728 0.0008929901300906384
1344.22025 0.05795767995567954
1356.66895 0.028476562747286965
1356.81715 0.00072507
1356.81715 0.0007317278041149024
1372.77702 0.00055769
1372.77702 0.0005624023618403795
1377.56498 0.05146104491130043
1379.78796 0.033679636780032475
1385.88691 0.00038533
1385.88691 0.0003890453614164633
1402.90698 0.020313005735718655
1405.83675 0.00020513
1405.83675 0.0002076252446937602
1412.1067 5.769e-05
1412.1067 5.8145147409626335e-05
1418.46785 0.04348480098852587
1420.69083 0.021358588176875838
1438.91929 0.035094283959424315
1441.14227 0.0
1466.92886 0.01795352825787183
1482.04514 0.017176453495490587
1491.33607 3.276e-05
1491.33607 3.3018461243531956e-05
1492.27086 0.026701784762349898
1500.2736 0.0232150455025794
1535.84131 0.016495120168243102
1536.9357 0.00016453000000000003
1536.9357 0.00016582806557992409
1536.9357 0.00040171
1536.9357 0.00040517159401403687
1541.17647 0.018725540839575346
1561.62791 0.0232150455025794
1563.15549 0.00044657999999999997
1563.15549 0.00044951873365736434
1589.63748 0.010749296916800793
1605.19836 0.042654272607899
1605.19836 0.08572281832212501
1607.42134 0.01949746638552981
1610.08892 0.11124521314062528
1619.01505 0.00025
1619.01505 0.0002519723843370876
1619.01505 0.00036895
1619.01505 0.000370903349744193
1625.64979 0.01963167240847117
1627.87278 0.027881174706199514
1638.39489 0.0001396
1638.39489 0.00014070137941382972
1656.32695 0.015952487845549104
1663.88509 0.014235949140822246
1684.56452 3.704e-05
1684.56452 3.73322284633829e-05
1722.57182 0.014235949140822246
1722.57182 0.018813266104144306
1733.58413 0.00011538
1733.58413 0.00011629029481925267
1743.84405 0.00033618
1743.84405 0.00033865088454904574
1763.27751 0.01787794461348504
1766.64387 0.00063106
1766.64387 0.0006369861876041574
1783.17373 0.00083191
1783.17373 0.0008385640950738275
1786.59371 0.009571889140924033
1786.59371 0.010830889221818237
1810.27911 0.013169084694993546
1819.08345 0.001
1819.08345 0.0010078895373483504
1843.37207 0.013169084694993546
1854.99316 0.00067593
1854.99316 0.0006813333272474849
1854.99316 0.0008767800000000001
1854.99316 0.000882911234717155
1865.73187 0.004784953486475589
1871.06703 0.0037129146514071126
1895.64935 0.010560666572336015
1907.43274 0.00032407000000000003
1907.43274 0.0003265562101008655
1932.42134 0.0007631346695497521
1942.65095 0.004708859918491493
1945.31464 0.0037129146514071126
1963.29229 1.638e-05
1963.29229 1.6509230621765978e-05
1989.65254 0.0
1991.10807 0.00897443189611468
1996.44323 0.0
