50.0 0.08269063225558046
52.22298 0.4813517562129011
57.55814 0.004028795530858395
57.55814 0.044322031043283576
60.22572 0.03733866841730542
62.4487 0.11468764028143107
72.67442 0.20463696774148948
72.67442 0.4677918816927195
78.00958 0.15626763268119817
78.00958 0.30501594733599996
82.90014 0.13104145882972246
85.56772 0.20549761319490492
93.12585 0.18535099543869232
93.12585 0.40713534301944915
93.12585 0.4471020280388686
101.12859 0.4896991409508008
108.68673 0.4813517562129011
116.24487 0.23580598324356442
116.24487 0.508702600859122
116.24487 0.5622635741202424
121.58003 0.5729131946396508
123.80301 0.5360466485757588
126.47059 0.6422199590179811
142.03146 0.6796929584050906
144.25445 0.5320092724028325
149.5896 0.48682328452806206
152.25718 0.4375931235507814
157.14774 0.22161543542025913
162.4829 0.48824384281112876
162.4829 0.5770410553772463
170.04104 0.45400091156668027
172.70862 0.48420646663820244
177.59918 0.4471020280388686
180.26676 0.41571380721972157
187.8249 0.5122924391090534
195.82763 0.20654837375930965
200.71819 0.4047707505893996
208.27633 0.44305785493635835
216.27907 0.39668240438437896
218.50205 0.20864989488811914
218.50205 0.44972094850193145
221.16963 0.4449364098072475
226.50479 0.41166963411721125
238.95349 0.492288015913639
241.62107 0.5291545619775311
246.95622 0.2025195782284513
251.84679 0.38836296257350067
251.84679 0.41166963411721125
251.84679 0.44995673846417
257.18194 0.45493577456915746
259.40492 0.5633974932219795
259.40492 0.603111952781589
262.0725 0.175363489873006
262.0725 0.5115505143548392
269.63064 0.3581574075019784
269.63064 0.381464079045689
290.08208 0.15714414651884231
290.08208 0.3555405896121189
298.08482 0.1299906982653177
302.97538 0.3952618461013123
305.64295 0.3671571505705798
308.31053 0.5060857829692623
310.53352 0.3788472611558294
310.53352 0.4580450846691906
328.76197 0.3472211478012405
341.21067 0.32961710017854867
343.87825 0.3124078990642969
346.54583 0.11685091100641715
366.99726 0.3227250135803211
374.5554 0.10178384934546769
379.89056 0.2598229288199046
379.89056 0.30346251513912076
418.12585 0.08671942778643886
425.68399 0.28704793019363783
459.02873 0.21724374553701248
469.25445 0.08058647102485036
471.92202 0.2925194585087988
484.81532 0.10283725001179306
487.0383 0.13612101492498557
502.59918 0.16520437768247975
502.59918 0.20864989488811914
512.8249 0.2337018220128343
512.8249 0.3541132343994681
515.49248 0.41024227890456055
520.38304 0.2640101920614938
538.16689 0.18850327713190657
538.16689 0.23282530817519015
540.83447 0.28158319880806093
540.83447 0.3132093121626498
543.50205 0.11597439716877299
543.50205 0.15521687211679341
551.06019 0.08566866722203412
566.62107 0.06446864879949617
579.51436 0.1672661883262332
589.74008 0.2611244407600677
602.18878 0.05448378333573047
625.3078 0.24209983485430922
640.86867 0.05343302277132572
666.21067 0.2378245661459412
668.87825 0.14250218670649983
673.76881 0.2625517959727184
679.10397 0.041343996076829925
691.99726 0.36791100145509154
709.78112 0.2516155362719805
717.33926 0.05343302277132572
717.33926 0.19691384697953881
735.12312 0.06552204946582153
763.57729 0.19834120219218948
766.24487 0.23520774825608162
771.13543 0.051331501642516236
781.36115 0.05938909270423303
784.02873 0.30631042863483815
794.25445 0.2311635751535713
794.25445 0.37052781934495105
809.37073 0.08461526655570877
814.70588 0.1280634238632688
814.70588 0.17217982022317754
819.59644 0.14908655545712554
827.59918 0.15727324576391338
829.82216 0.17939492550578504
840.04788 0.1904305515339555
858.27633 0.15315521431741907
860.49932 0.16029906831397717
863.16689 0.1079168061070562
870.72503 0.0937262582837509
873.39261 0.1280634238632688
878.72777 0.06254137439744727
888.95349 0.14626312771919145
891.17647 0.1667150888376006
893.84405 0.04940422724046733
914.29549 0.17726555308814315
924.5212 0.04940422724046733
929.85636 0.1655256261603917
955.19836 0.03328640501511314
962.7565 0.14626312771919145
975.64979 0.16248807183113942
980.98495 0.027153448253524635
983.65253 0.15577203220727864
1008.99453 0.15466583273030038
1019.22025 0.027153448253524635
1026.77839 0.15719938741992937
1045.00684 0.13817478151417087
1047.22982 0.014190547823305292
1062.7907 0.11729505331504407
1090.80027 0.004028795530858395
1093.46785 0.15458256953006974
1116.58687 0.11729505331504407
1126.81259 0.013139787258900547
1141.92886 0.1698736013598462
1149.487 0.23245151416655827
1152.15458 0.15315521431741907
1154.82216 0.02820420881792938
1165.04788 0.05045498780487208
1180.60876 0.41235016908667516
1180.60876 0.467099420592958
1185.49932 0.34238672675125625
1190.83447 0.06043985326863777
1190.83447 0.5222853816713732
1205.76835 0.0
1205.76835 0.0
1205.95075 0.4823071892225038
1208.61833 0.16267091573509032
1218.84405 0.35716420800826
1223.73461 0.05448378333573047
1223.73461 0.4197356986153819
1236.62791 0.23505892720017127
1244.18605 0.16248807183113942
1246.85363 0.15577203220727864
1249.5212 0.024175413287070985
1254.78796 0.000751397352051038
1254.78796 0.070086
1267.30506 0.22723668809933226
1269.97264 0.19247332171768897
1271.31783 0.001971615274185202
1271.31783 0.184401
1274.8632 0.16267091573509032
1274.8632 0.3071930729970709
1282.86594 0.00805759106171679
1291.26767 0.0030505448053354104
1291.26767 0.285255
1297.98222 0.37975750616651255
1305.54036 0.44972094850193145
1323.76881 0.169569799262902
1323.76881 0.40496463955796835
1328.65937 0.2850300622113604
1333.99453 0.00507955609526314
1340.28728 0.002845034418449656
1340.28728 0.265599
1344.22025 0.18465108261684993
1356.66895 0.016117822225354194
1356.81715 0.0023312584512352715
1356.81715 0.217521
1372.77702 0.0017917936856601674
1372.77702 0.167307
1377.56498 0.17646188586112962
1379.78796 0.10730211075272429
1385.88691 0.0012394845209047036
1385.88691 0.115599
1402.90698 0.06471650527024196
1405.83675 0.0006614865577885206
1405.83675 0.061538999999999996
1412.1067 0.00018524834717873666
1412.1067 0.017307
1418.46785 0.14911104121490876
1420.69083 0.0120890266944958
1438.91929 0.1203396382856213
1441.14227 0.0
1466.92886 0.010161752292446896
1482.04514 0.05472356270792217
1491.33607 0.0001051956292871453
1491.33607 0.009827999999999998
1492.27086 0.09156143842674976
1500.2736 0.013139787258900547
1535.84131 0.052552859246441395
1536.9357 0.0005283222492861422
1536.9357 0.0012908621176261422
1536.9357 0.049359
1536.9357 0.120513
1541.17647 0.0642105937805289
1561.62791 0.013139787258900547
1563.15549 0.0014321505086100981
1563.15549 0.13397399999999998
1589.63748 0.03685974913430806
1605.19836 0.14626312771919145
1605.19836 0.29394681372144954
1607.42134 0.01103562602817044
1610.08892 0.381464079045689
1619.01505 0.0008027749487724764
1619.01505 0.0011816847245930853
1619.01505 0.075
1619.01505 0.11068499999999999
1625.64979 0.06254580180876118
1627.87278 0.09560561152926005
1638.39489 0.00044826953139455087
1638.39489 0.04188
1656.32695 0.05470168929244169
1663.88509 0.00805759106171679
1684.56452 0.0001189391364101301
1684.56452 0.011111999999999999
1722.57182 0.00805759106171679
1722.57182 0.05993838877514818
1733.58413 0.0003704966943574733
1733.58413 0.034614
1743.84405 0.0010789295311502084
1743.84405 0.10085399999999999
1763.27751 0.05695848816530475
1766.64387 0.0020294150704968203
1766.64387 0.189318
1783.17373 0.002671635029514801
1783.17373 0.249573
1786.59371 0.006130316659667886
1786.59371 0.032822372961381824
1810.27911 0.04195622992264471
1819.08345 0.0032110997950899056
1819.08345 0.3
1843.37207 0.04195622992264471
1854.99316 0.0021707034614807763
1854.99316 0.0028129234204987575
1854.99316 0.20277900000000001
1854.99316 0.263034
1865.73187 0.01640778801589889
1871.06703 0.0021015211288094907
1895.64935 0.03364590365295203
1907.43274 0.0010403963336091293
1907.43274 0.097221
1932.42134 0.0026168178898595988
1942.65095 0.015002258242660039
1945.31464 0.0021015211288094907
1963.29229 5.259781464357265e-05
1963.29229 0.004913999999999999
1989.65254 0.0
1991.10807 0.00507955609526314
1996.44323 0.0
