50.0 0.16843611323200505
52.22298 0.6993360525228509
57.55814 0.008206427278568363
57.55814 0.09028145553906008
60.22572 0.03773684016027565
62.4487 0.11591064526697668
72.67442 0.2068191735237398
72.67442 0.6796354718201709
78.00958 0.30826857354181825
78.00958 0.3183082769452565
82.90014 0.2669239960496335
85.56772 0.41858694631843096
93.12585 0.37754943218818515
93.12585 0.4114769490816434
93.12585 0.649576039409666
101.12859 0.49492119006900215
108.68673 0.6993360525228509
116.24487 0.4803233717168352
116.24487 0.5682594351620455
116.24487 0.7390729631732689
121.58003 0.8323618784104704
123.80301 0.778799998845891
126.47059 0.6490684582090754
142.03146 0.9874977795829522
144.25445 0.7729342620351682
149.5896 0.7072854096484936
152.25718 0.6357609454733004
157.14774 0.45141803317010853
162.4829 0.5831945003854364
162.4829 0.709349280007822
170.04104 0.659599141872433
172.70862 0.7034835431970993
177.59918 0.649576039409666
180.26676 0.6039733919485253
187.8249 0.5177554184287974
195.82763 0.42072728580523977
200.71819 0.5880746776972398
208.27633 0.6437004276211474
216.27907 0.5763234541202026
218.50205 0.42500796477885733
218.50205 0.45451667854548716
221.16963 0.44968111853182957
226.50479 0.5980977801600067
238.95349 0.7152248917963406
241.62107 0.7687867713609199
246.95622 0.4125208585266714
251.84679 0.5642364812981072
251.84679 0.5980977801600067
251.84679 0.6537235300839144
257.18194 0.45978711442614484
259.40492 0.818536909496309
259.40492 0.8762364047573409
262.0725 0.35720545158869355
262.0725 0.7432105788697214
269.63064 0.5203520799734408
269.63064 0.5542133788353403
290.08208 0.32009368576339847
290.08208 0.5165502135220464
298.08482 0.2647836565628247
302.97538 0.5742595837608742
305.64295 0.3710724375581284
308.31053 0.7352710967218745
310.53352 0.5504115123839458
310.53352 0.6654747536609515
328.76197 0.5044632406999512
341.21067 0.47888704820875266
343.87825 0.31573935149580473
346.54583 0.2380186575029068
366.99726 0.46887382072378153
374.5554 0.20732791013803806
379.89056 0.26259362613764564
379.89056 0.44088813365040064
418.12585 0.1766425405105734
425.68399 0.41704006227347235
459.02873 0.21956038735838396
469.25445 0.16415005652098344
471.92202 0.4249894193991151
484.81532 0.2094736273622509
487.0383 0.2772707628150106
502.59918 0.3365119180579393
502.59918 0.42500796477885733
512.8249 0.4760373150058136
512.8249 0.5144764681849222
515.49248 0.5960240348228825
520.38304 0.5377737404042178
538.16689 0.38397045064861146
538.16689 0.47425190618767155
540.83447 0.4091005801256254
540.83447 0.4550488518096202
543.50205 0.23623324868476478
543.50205 0.31616793745844773
551.06019 0.17450220102376462
566.62107 0.13131896966930592
579.51436 0.1690498799405537
589.74008 0.37937689696017857
602.18878 0.11098036680721841
625.3078 0.35173683410965173
640.86867 0.10884002732040962
666.21067 0.34552547307607495
668.87825 0.14402180019201175
673.76881 0.38145064229730274
679.10397 0.0842153677473005
691.99726 0.5345226731104562
709.78112 0.3655618030238131
717.33926 0.10884002732040962
717.33926 0.2860879817229771
735.12312 0.13346468689351879
763.57729 0.2881617270601013
766.24487 0.3417236066246806
771.13543 0.10455934834679205
781.36115 0.1209722029039288
784.02873 0.44502574934685324
794.25445 0.33584799483616207
794.25445 0.5383245395618504
809.37073 0.1723564837995518
814.70588 0.25015293752395346
814.70588 0.2608579082578739
819.59644 0.30368083120626177
827.59918 0.1589503747308205
829.82216 0.36541725660466595
840.04788 0.3878961989535623
858.27633 0.22251287467342662
860.49932 0.3265200819612289
863.16689 0.21982039412762805
870.72503 0.19091505558090135
873.39261 0.2608579082578739
878.72777 0.12739322136435513
888.95349 0.21249964718845546
891.17647 0.2422134553761065
893.84405 0.10063360004184127
914.29549 0.179155875834869
924.5212 0.10063360004184127
929.85636 0.24048533426183633
955.19836 0.06780251319016377
962.7565 0.21249964718845546
975.64979 0.1642208106114782
980.98495 0.0553100292005738
983.65253 0.22631474112482097
1008.99453 0.15631515679049163
1019.22025 0.0553100292005738
1026.77839 0.22838848646194518
1045.00684 0.20074842361141834
1047.22982 0.028905338546726705
1062.7907 0.11854586320730554
1090.80027 0.008206427278568363
1093.46785 0.2245866200105508
1116.58687 0.11854586320730554
1126.81259 0.02676499905991792
1141.92886 0.17168509788088257
1149.487 0.23493032844877484
1152.15458 0.22251287467342662
1154.82216 0.05745036868738258
1165.04788 0.10277393952865006
1180.60876 0.41674738496230107
1180.60876 0.47208047102462475
1185.49932 0.3460378671250044
1190.83447 0.12311254239073757
1190.83447 0.5278549236385306
1205.76835 0.0
1205.76835 0.0
1205.95075 0.48745041211501566
1208.61833 0.23633784358758791
1218.84405 0.36097293234839517
1223.73461 0.11098036680721841
1223.73461 0.4242116722317054
1236.62791 0.2375655463891037
1244.18605 0.1642208106114782
1246.85363 0.22631474112482097
1249.5212 0.04924394140881422
1254.78796 0.00023362
1254.78796 0.0007594100961046183
1267.30506 0.22965989256811714
1269.97264 0.19452581692525991
1271.31783 0.0006146700000000001
1271.31783 0.0019926401667018615
1274.8632 0.23633784358758791
1274.8632 0.31046891561514706
1282.86594 0.016412854557136727
1291.26767 0.00095085
1291.26767 0.003083075176493108
1297.98222 0.3838071607081905
1305.54036 0.45451667854548716
1323.76881 0.2463609460503549
1323.76881 0.40928309769289667
1328.65937 0.2880695631223519
1333.99453 0.01034676676537715
1340.28728 0.0008853299999999999
1340.28728 0.002875373269866204
1344.22025 0.18662016310427337
1356.66895 0.032831086851677495
1356.81715 0.00072507
1356.81715 0.0023561185032989437
1372.77702 0.00055769
1372.77702 0.0018109009984033204
1377.56498 0.25637417353532604
1379.78796 0.10844635799757232
1385.88691 0.00038533
1385.88691 0.0012527021243435156
1402.90698 0.06540662853372853
1405.83675 0.00020513
1405.83675 0.0006685405119553478
1412.1067 5.769e-05
1412.1067 0.0001872237967704078
1418.46785 0.21663726288490803
1420.69083 0.02462465957310913
1438.91929 0.17483648187516168
1441.14227 0.0
1466.92886 0.020698911268158343
1482.04514 0.055307123323995316
1491.33607 3.276e-05
1491.33607 0.00010631741345464656
1492.27086 0.1330258258876195
1500.2736 0.02676499905991792
1535.84131 0.053113271935248646
1536.9357 0.00016453000000000003
1536.9357 0.00040171
1536.9357 0.0005339561671456959
1536.9357 0.0013046276010002416
1541.17647 0.0932889152372015
1561.62791 0.02676499905991792
1563.15549 0.00044657999999999997
1563.15549 0.0014474226618062384
1589.63748 0.0535520045867835
1605.19836 0.21249964718845546
1605.19836 0.42706316473623934
1607.42134 0.022478942348896302
1610.08892 0.5542133788353403
1619.01505 0.00025
1619.01505 0.00036895
1619.01505 0.0008113355727613443
1619.01505 0.0011942859631046989
1625.64979 0.06321277714498186
1627.87278 0.13890143767613805
1638.39489 0.0001396
1638.39489 0.0004530497838299347
1656.32695 0.07947382130083598
1663.88509 0.016412854557136727
1684.56452 3.704e-05
1684.56452 0.00012020747846032077
1722.57182 0.016412854557136727
1722.57182 0.060577559204653006
1733.58413 0.00011538
1733.58413 0.0003744475935408156
1743.84405 0.00033618
1743.84405 0.0010904350097912469
1763.27751 0.057565881558562904
1766.64387 0.00063106
1766.64387 0.0020510563279406784
1783.17373 0.00083191
1783.17373 0.0027001247861497537
1786.59371 0.012487106252185937
1786.59371 0.04768626777606076
1810.27911 0.0424036423747989
1819.08345 0.001
1819.08345 0.003245342291045377
1843.37207 0.0424036423747989
1854.99316 0.00067593
1854.99316 0.0008767800000000001
1854.99316 0.002193851388746675
1854.99316 0.0028429198469557505
1865.73187 0.023838196399132466
1871.06703 0.004280678973617573
1895.64935 0.03400469652557346
1907.43274 0.00032407000000000003
1907.43274 0.001051490902298702
1932.42134 0.003801866451394366
1942.65095 0.015162239183764002
1945.31464 0.004280678973617573
1963.29229 1.638e-05
1963.29229 5.315870672732328e-05
1989.65254 0.0
1991.10807 0.01034676676537715
1996.44323 0.0
