50.0 0.12621170747405022
52.22298 0.6524021692696651
57.55814 0.00614919911897451
57.55814 0.06764924954740766
60.22572 0.03650125704419453
62.4487 0.1121154881828734
72.67442 0.200047480986621
72.67442 0.6340237351249726
78.00958 0.2385131689725434
78.00958 0.2981752153520769
82.90014 0.20001015614043238
85.56772 0.3136534808804842
93.12585 0.2829034556662677
93.12585 0.39800433269981295
93.12585 0.6059816531518177
101.12859 0.47871643461934593
108.68673 0.6524021692696651
116.24487 0.35991351094983376
116.24487 0.549653432098251
116.24487 0.6894722539805639
121.58003 0.7765003579228749
123.80301 0.7265331264437709
126.47059 0.627816598627357
142.03146 0.9212247691575215
144.25445 0.7210610513149752
149.5896 0.6598180286613832
152.25718 0.5930937186313039
157.14774 0.33825430697572634
162.4829 0.5640994920326665
162.4829 0.6617433884289224
170.04104 0.6153320845587665
172.70862 0.6562713133001267
177.59918 0.6059816531518177
180.26676 0.5634394933121234
187.8249 0.5008030225590564
195.82763 0.3152572693794042
200.71819 0.5486077745286873
208.27633 0.6005003657753304
216.27907 0.5376451997757127
218.50205 0.3184648463772441
218.50205 0.43963485135479297
221.16963 0.43495761769501917
226.50479 0.557958205935636
238.95349 0.6672246758054097
241.62107 0.7171919072845137
246.95622 0.3091080702604297
251.84679 0.5263694086012246
251.84679 0.557958205935636
251.84679 0.6098507971822793
257.18194 0.44473272213564713
259.40492 0.7636032111546696
259.40492 0.8174303744165435
262.0725 0.26765940568784
262.0725 0.6933321857633338
269.63064 0.48543017985986436
269.63064 0.5170189771942758
290.08208 0.23985100259475803
290.08208 0.48188346449860797
298.08482 0.1984063676415124
302.97538 0.5357198400081735
305.64295 0.35892274943526
308.31053 0.6859255386193074
310.53352 0.5134722618330193
310.53352 0.6208133719352538
328.76197 0.4706076733241199
341.21067 0.44674795180294
343.87825 0.30540138440227776
346.54583 0.1783509521663249
366.99726 0.4374067326436828
374.5554 0.1553539145700028
379.89056 0.2539957613066698
379.89056 0.4112992226857586
418.12585 0.1323609065930247
425.68399 0.3890516445106045
459.02873 0.21237152081767605
469.25445 0.12300010085686629
471.92202 0.3964675039023225
484.81532 0.15696173268826677
487.0383 0.20776314375832683
502.59918 0.2521534304520511
502.59918 0.3184648463772441
512.8249 0.3567019043326498
512.8249 0.4799488924833771
515.49248 0.5560236339204053
520.38304 0.40296193440199934
538.16689 0.28771482116302755
538.16689 0.3553640707104352
540.83447 0.381644997366578
540.83447 0.4245095858754775
543.50205 0.17701311854411028
543.50205 0.23690938047362345
551.06019 0.13075711809410476
566.62107 0.09839927476162422
579.51436 0.16351483311249512
589.74008 0.35391613181493664
602.18878 0.0831592544025406
625.3078 0.3281310505262176
640.86867 0.08155546590362064
666.21067 0.32233654672821677
668.87825 0.13930622506942422
673.76881 0.3558507038301674
679.10397 0.06310383892735309
691.99726 0.49864975529727484
709.78112 0.3410281972944229
717.33926 0.08155546590362064
717.33926 0.26688802787262556
735.12312 0.1000070928798882
763.57729 0.26882259988785634
766.24487 0.3187898313669603
771.13543 0.07834788890578073
781.36115 0.09064628714372976
784.02873 0.41515915446852864
794.25445 0.3133085439904731
794.25445 0.5021964706585312
809.37073 0.1291492999758408
814.70588 0.19546474552037782
814.70588 0.23336465852298333
819.59644 0.22755260435680902
827.59918 0.15374600683785344
829.82216 0.27381263442615855
840.04788 0.2906564432841621
858.27633 0.20757957723426432
860.49932 0.24466639771086193
863.16689 0.16471472030616124
870.72503 0.1430555163320538
873.39261 0.19546474552037782
878.72777 0.09545765264048962
888.95349 0.19823835807500703
891.17647 0.22595801137895688
893.84405 0.07540626678464614
914.29549 0.17328993755312305
924.5212 0.07540626678464614
929.85636 0.22434586803293122
955.19836 0.050805440689404076
962.7565 0.19823835807500703
975.64979 0.15884387761870758
980.98495 0.04144463495324563
983.65253 0.21112629259552076
1008.99453 0.15119707144742636
1019.22025 0.04144463495324563
1026.77839 0.21306086461075158
1045.00684 0.18727578332203254
1047.22982 0.021659203974107463
1062.7907 0.11466442357330046
1090.80027 0.00614919911897451
1093.46785 0.2095141492494951
1116.58687 0.11466442357330046
1126.81259 0.020055415475187507
1141.92886 0.1660637685029222
1149.487 0.22723821787317183
1152.15458 0.20757957723426432
1154.82216 0.043048423452165585
1165.04788 0.0770100552835661
1180.60876 0.4031022034806671
1180.60876 0.4566235685136492
1185.49932 0.33470786322620283
1190.83447 0.09225007564264971
1190.83447 0.5105718488336981
1205.76835 0.0
1205.76835 0.0
1205.95075 0.4714902655691451
1208.61833 0.22047672400246962
1218.84405 0.3491539231606183
1223.73461 0.0831592544025406
1223.73461 0.41032209436488165
1236.62791 0.22978715326359891
1244.18605 0.15884387761870758
1246.85363 0.21112629259552076
1249.5212 0.03689922433319108
1254.78796 0.00023362
1254.78796 0.0007345454203940077
1267.30506 0.2221403470923177
1269.97264 0.1881566346086189
1271.31783 0.0006146700000000001
1271.31783 0.0019273969577859858
1274.8632 0.22047672400246962
1274.8632 0.30030351362142366
1282.86594 0.01229839823794902
1291.26767 0.00095085
1291.26767 0.0029821288434799453
1297.98222 0.3712405111003287
1305.54036 0.43963485135479297
1323.76881 0.22982715540941848
1323.76881 0.39588231259645246
1328.65937 0.27863756280279356
1333.99453 0.007752987617894468
1340.28728 0.0008853299999999999
1340.28728 0.0027812275319191913
1344.22025 0.18050982843733768
1356.66895 0.02460082609524206
1356.81715 0.00072507
1356.81715 0.002278974253017306
1372.77702 0.00055769
1372.77702 0.0017516083101703258
1377.56498 0.23916837456867573
1379.78796 0.1048955972986588
1385.88691 0.00038533
1385.88691 0.001211686035350799
1402.90698 0.06326507864367877
1405.83675 0.00020513
1405.83675 0.0006466510965861777
1412.1067 5.769e-05
1412.1067 0.0001810936978740611
1418.46785 0.20209828985777706
1420.69083 0.018451626976267548
1438.91929 0.1631028453793392
1441.14227 0.0
1466.92886 0.015510004855132957
1482.04514 0.05349625236903708
1491.33607 3.276e-05
1491.33607 0.00010283635885516107
1492.27086 0.12409818865320972
1500.2736 0.020055415475187507
1535.84131 0.05137423226567662
1536.9357 0.00016453000000000003
1536.9357 0.00040171
1536.9357 0.0005164733248607952
1536.9357 0.0012619113632409875
1541.17647 0.08702810394231106
1561.62791 0.020055415475187507
1563.15549 0.00044657999999999997
1563.15549 0.0014000310149390061
1589.63748 0.04995801923141239
1605.19836 0.19823835807500703
1605.19836 0.39840207591755333
1607.42134 0.016843808858003573
1610.08892 0.5170189771942758
1619.01505 0.00025
1619.01505 0.00036895
1619.01505 0.0007847707482841962
1619.01505 0.0011551825414743368
1625.64979 0.0611430585403183
1627.87278 0.129579476029697
1638.39489 0.0001396
1638.39489 0.0004382159858418952
1656.32695 0.07414016942179733
1663.88509 0.01229839823794902
1684.56452 3.704e-05
1684.56452 0.00011627163406578651
1722.57182 0.01229839823794902
1722.57182 0.05859412314989122
1733.58413 0.00011538
1733.58413 0.0003621873957481222
1743.84405 0.00033618
1743.84405 0.0010547318856939597
1763.27751 0.055681054132260294
1766.64387 0.00063106
1766.64387 0.001983900451662448
1783.17373 0.00083191
1783.17373 0.002611717050289805
1786.59371 0.009356776116814425
1786.59371 0.04448594410261671
1810.27911 0.04101525838832523
1819.08345 0.001
1819.08345 0.0031390829931367847
1843.37207 0.04101525838832523
1854.99316 0.00067593
1854.99316 0.0008767800000000001
1854.99316 0.0021220201033604665
1854.99316 0.0027498367019878236
1865.73187 0.02223836592746257
1871.06703 0.0032075769978399146
1895.64935 0.03289131160208723
1907.43274 0.00032407000000000003
1907.43274 0.0010170628897763182
1932.42134 0.0035467153612564577
1942.65095 0.014665795743935058
1945.31464 0.0032075769978399146
1963.29229 1.638e-05
1963.29229 5.1418179427580535e-05
1989.65254 0.0
1991.10807 0.007752987617894468
1996.44323 0.0
