50.0 0.20314772812460258
52.22298 0.25692571493527344
57.55814 0.009897622461547956
57.55814 0.10888681905928381
60.22572 0.020169056219820014
62.4487 0.06195029342510248
72.67442 0.11053780656834278
72.67442 0.24968801317026867
78.00958 0.16475905677745645
78.00958 0.3839058148748516
82.90014 0.32193216964543436
85.56772 0.5048500914413554
93.12585 0.21992041951418814
93.12585 0.23864462260752464
93.12585 0.45535549314248747
101.12859 0.2645185252524073
108.68673 0.25692571493527344
116.24487 0.27152446776854616
116.24487 0.3037153202692195
116.24487 0.5793092695924501
121.58003 0.3057974344723054
123.80301 0.2861195926811346
126.47059 0.34690499174097034
142.03146 0.3627920684212901
144.25445 0.28396460779471216
149.5896 0.2598461910860648
152.25718 0.23356916157031077
157.14774 0.5444470672786754
162.4829 0.2606044265090653
162.4829 0.3116976041291793
170.04104 0.24232696210200072
172.70862 0.25844944162264283
177.59918 0.23864462260752464
180.26676 0.22189088488782946
187.8249 0.2767226428618546
195.82763 0.5074315159103567
200.71819 0.2160499325862467
208.27633 0.23648600980041795
216.27907 0.21173270697203334
218.50205 0.2429236895165319
218.50205 0.5125943648483595
221.16963 0.24033924732806167
226.50479 0.21973227208072277
238.95349 0.262763039316172
241.62107 0.2824408811073427
246.95622 0.49753389344880883
251.84679 0.20729213205455674
251.84679 0.21973227208072277
251.84679 0.24016834929489406
257.18194 0.24574055804946857
259.40492 0.30071834551440735
259.40492 0.3219162860722633
262.0725 0.27304456653523135
262.0725 0.4308189887047182
269.63064 0.19116965253391457
269.63064 0.20360979256008063
290.08208 0.18977290307049266
290.08208 0.38605916392939543
298.08482 0.31935074517643297
302.97538 0.21097447154903282
305.64295 0.19832558377831275
308.31053 0.27012771830512416
310.53352 0.20221304309665866
310.53352 0.2444855749091074
328.76197 0.18533232815301603
341.21067 0.17593601358090463
343.87825 0.168751933232395
346.54583 0.2870699673316596
366.99726 0.17225730200711276
374.5554 0.250054415963341
379.89056 0.14034735250864436
379.89056 0.16197577478805336
418.12585 0.21304535058615054
425.68399 0.1532143463356792
459.02873 0.11734755155621804
469.25445 0.19797839319547172
471.92202 0.1561348224864706
484.81532 0.2526423264234705
487.0383 0.33441121657598366
502.59918 0.40586089484361954
502.59918 0.5125943648483595
512.8249 0.1890110397268079
512.8249 0.5741399346633193
515.49248 0.21897040873703807
520.38304 0.648599112814414
538.16689 0.46309976654949153
538.16689 0.5719865856087754
540.83447 0.15029749810557205
540.83447 0.16717821304921468
543.50205 0.2849166182771158
543.50205 0.38132439040585026
551.06019 0.21046392611714917
566.62107 0.15838141735815173
579.51436 0.09035140509893573
589.74008 0.13937745684609124
602.18878 0.1338513989115106
625.3078 0.1292229068509793
640.86867 0.13126997444250924
666.21067 0.1269409447406094
668.87825 0.07697474861740392
673.76881 0.14013932018977593
679.10397 0.10157062106673721
691.99726 0.19637571871576012
709.78112 0.1343019958088774
717.33926 0.10510449014233196
717.33926 0.13126997444250924
735.12312 0.16096932781828127
763.57729 0.10586635348601667
766.24487 0.12554419527718744
771.13543 0.1261071255045065
781.36115 0.14590237042760243
784.02873 0.1634958735547386
794.25445 0.12338558247008076
794.25445 0.19777246817918206
809.37073 0.20787601565701969
814.70588 0.0919024867724812
814.70588 0.3146159716528878
819.59644 0.36626391900629957
827.59918 0.08495356342744623
829.82216 0.4407230971573943
840.04788 0.4678345400730368
858.27633 0.0817479367773693
860.49932 0.39380992332752773
863.16689 0.26512137335401986
870.72503 0.2302591710402451
873.39261 0.3146159716528878
878.72777 0.15364664383460652
888.95349 0.07806922520357741
891.17647 0.08898563854237403
893.84405 0.12137235198096127
914.29549 0.09575271582034263
924.5212 0.12137235198096127
929.85636 0.08835075242263678
955.19836 0.0817753761436413
962.7565 0.07806922520357741
975.64979 0.08777043196038291
980.98495 0.06670841875296248
983.65253 0.08314468624079126
1008.99453 0.08354512916097788
1019.22025 0.06670841875296248
1026.77839 0.08390654958447598
1045.00684 0.07375199958936406
1047.22982 0.03486220231377475
1062.7907 0.06335872769157082
1090.80027 0.009897622461547956
1093.46785 0.082509800121054
1116.58687 0.06335872769157082
1126.81259 0.03228077784477339
1141.92886 0.09175983936540408
1149.487 0.12556226176064422
1152.15458 0.0817479367773693
1154.82216 0.06928984322196384
1165.04788 0.12395377644996265
1180.60876 0.22273728804712484
1180.60876 0.25231093859304254
1185.49932 0.1849454582468635
1190.83447 0.1484837948966038
1190.83447 0.28212048453334415
1205.76835 0.0
1205.76835 0.0
1205.95075 0.2605256487974687
1208.61833 0.08682702573526735
1218.84405 0.19292774210682323
1223.73461 0.1338513989115106
1223.73461 0.22672669545214597
1236.62791 0.12697069602711256
1244.18605 0.08777043196038291
1246.85363 0.08314468624079126
1249.5212 0.059392220760415886
1254.78796 0.00023362
1254.78796 0.0004058788403369353
1267.30506 0.12274539322770753
1269.97264 0.10396742602476881
1271.31783 0.0006146700000000001
1271.31783 0.0010649983246447789
1274.8632 0.08682702573526735
1274.8632 0.16593506469945835
1282.86594 0.019795244923095912
1291.26767 0.00095085
1291.26767 0.001647798710769609
1297.98222 0.20513185971627057
1305.54036 0.2429236895165319
1323.76881 0.09050936522974345
1323.76881 0.21874788064210365
1328.65937 0.15396337343447744
1333.99453 0.012479046930549324
1340.28728 0.0008853299999999999
1340.28728 0.0015367891134124986
1344.22025 0.09974212322536379
1356.66895 0.03959697583731997
1356.81715 0.00072507
1356.81715 0.0012592651200197223
1372.77702 0.00055769
1372.77702 0.0009678649269573073
1377.56498 0.09418807680353533
1379.78796 0.05796088602008133
1385.88691 0.00038533
1385.88691 0.0006695266340600728
1402.90698 0.03495761601773758
1405.83675 0.00020513
1405.83675 0.00035731214149319946
1412.1067 5.769e-05
1412.1067 0.0001000647448676829
1418.46785 0.07958932397026261
1420.69083 0.029699353375772012
1438.91929 0.06423233571398941
1441.14227 0.0
1466.92886 0.024964579852226797
1482.04514 0.02955977434624808
1491.33607 3.276e-05
1491.33607 5.682303764717094e-05
1492.27086 0.04887171953703198
1500.2736 0.03228077784477339
1535.84131 0.0283872354741636
1536.9357 0.00016453000000000003
1536.9357 0.00028538139145570923
1536.9357 0.00040171
1536.9357 0.0006972790333993504
1541.17647 0.034272966703759275
1561.62791 0.03228077784477339
1563.15549 0.00044657999999999997
1563.15549 0.0007735981315823639
1589.63748 0.01967421387048656
1605.19836 0.07806922520357741
1605.19836 0.15689668583015534
1607.42134 0.027111442915642502
1610.08892 0.20360979256008063
1619.01505 0.00025
1619.01505 0.00036895
1619.01505 0.00043363123967621293
1619.01505 0.0006383051848033854
1625.64979 0.033785077145653104
1627.87278 0.05103033234413867
1638.39489 0.0001396
1638.39489 0.0002421396842351973
1656.32695 0.029197505666545425
1663.88509 0.019795244923095912
1684.56452 3.704e-05
1684.56452 6.424680447042771e-05
1722.57182 0.019795244923095912
1722.57182 0.03237664287918476
1733.58413 0.00011538
1733.58413 0.0002001294897353658
1743.84405 0.00033618
1743.84405 0.0005828003861248302
1763.27751 0.03076700371750666
1766.64387 0.00063106
1766.64387 0.0010962197739014662
1783.17373 0.00083191
1783.17373 0.0014431247656424364
1786.59371 0.015060471399550693
1786.59371 0.0175192289840641
1810.27911 0.022663303110437592
1819.08345 0.001
1819.08345 0.0017345249587048517
1843.37207 0.022663303110437592
1854.99316 0.00067593
1854.99316 0.0008767800000000001
1854.99316 0.0011725388720844798
1854.99316 0.00151944386382545
1865.73187 0.008757800531689943
1871.06703 0.005162848938002735
1895.64935 0.018174352517309436
1907.43274 0.00032407000000000003
1907.43274 0.0005619860866203719
1932.42134 0.001396749463421967
1942.65095 0.008103700607069067
1945.31464 0.005162848938002735
1963.29229 1.638e-05
1963.29229 2.841151882358547e-05
1989.65254 0.0
1991.10807 0.012479046930549324
1996.44323 0.0
