50.0 0.05161691841739695
52.22298 0.24070325544504634
57.55814 0.0025148436354186566
57.55814 0.027666575983884934
60.22572 0.026046278915714708
62.4487 0.08000248518693383
72.67442 0.14274830260927648
72.67442 0.23392254695420536
78.00958 0.09754495070801461
78.00958 0.21276951682541353
82.90014 0.08179833803670054
85.56772 0.1282751533748899
93.12585 0.11569928720065677
93.12585 0.22357644337219038
93.12585 0.2840047904818944
101.12859 0.34159869515001073
108.68673 0.24070325544504634
116.24487 0.14719416054042475
116.24487 0.2543802333734394
116.24487 0.39221735794131796
121.58003 0.2864891823022488
123.80301 0.26805381245045856
126.47059 0.4479924134109857
142.03146 0.33988513738551285
144.25445 0.2660348947343886
149.5896 0.24343933080099972
152.25718 0.21882145030016703
157.14774 0.1383361759137044
162.4829 0.24414969073813544
162.4829 0.4025256633739048
170.04104 0.22702627751665333
172.70862 0.24213077302206548
177.59918 0.22357644337219038
180.26676 0.20788054772772738
187.8249 0.3573590682538092
195.82763 0.12893105623655216
200.71819 0.20240839701582064
208.27633 0.22155412680474657
216.27907 0.19836376388093302
218.50205 0.1302428619598767
218.50205 0.31371116741517685
221.16963 0.310373623935265
226.50479 0.20585823116028357
238.95349 0.24617200730557925
241.62107 0.2646073771573695
246.95622 0.12641621260113353
251.84679 0.19420356979933434
251.84679 0.20585823116028357
251.84679 0.22500396094920952
257.18194 0.31734886581207405
259.40492 0.28173079037885157
259.40492 0.3015902789562871
262.0725 0.10946491402058547
262.0725 0.25580435209908464
269.63064 0.17909907429392213
269.63064 0.1907537356548714
290.08208 0.09809208575844645
290.08208 0.17779051651498792
298.08482 0.08114243517503826
302.97538 0.1976534039437973
305.64295 0.25611726274706054
308.31053 0.25307167559450516
310.53352 0.18944517787593715
310.53352 0.22904859408409714
328.76197 0.17363032243338924
341.21067 0.16482729737510446
343.87825 0.217925909503774
346.54583 0.07294035340998017
366.99726 0.16138086208201535
374.5554 0.06353523373282796
379.89056 0.1517485172885099
379.89056 0.18124429069368247
418.12585 0.054131762052815606
425.68399 0.1435402912206498
459.02873 0.15154239368453415
469.25445 0.05030346469693256
471.92202 0.14627636657660315
484.81532 0.06419278459163008
487.0383 0.08496908453378146
502.59918 0.10312342102642362
502.59918 0.1302428619598767
512.8249 0.14588070681996035
512.8249 0.17707675772647832
515.49248 0.205144472371774
520.38304 0.1647997139854952
538.16689 0.11766699578564356
538.16689 0.14533357176952852
540.83447 0.14080761471607026
540.83447 0.1566224701586182
543.50205 0.07239321835954833
543.50205 0.09688904784635234
551.06019 0.05347585919115334
566.62107 0.04024244215811807
579.51436 0.11667962407289124
589.74008 0.13057707208076633
602.18878 0.03400971697518664
625.3078 0.12106368708534582
640.86867 0.03335381411352437
666.21067 0.11892580957119094
668.87825 0.09940503661176363
673.76881 0.1312908308692759
679.10397 0.025807635210128545
691.99726 0.18397642601540426
709.78112 0.125822079008743
717.33926 0.03335381411352437
717.33926 0.09846812315195694
735.12312 0.040899993016920204
763.57729 0.09918188194046651
766.24487 0.11761725179225672
771.13543 0.03204200839019983
781.36115 0.03707169566103715
784.02873 0.15317263601415523
794.25445 0.11559493522481293
794.25445 0.18528498379433847
809.37073 0.05281830833235121
814.70588 0.07993939726294416
814.70588 0.08609970300249811
819.59644 0.09306239848760914
827.59918 0.10970886212021629
829.82216 0.11198140565314399
840.04788 0.1188700336977377
858.27633 0.07658631800707762
860.49932 0.10006144234057311
863.16689 0.06736353108871102
870.72503 0.05850554646199065
873.39261 0.07993939726294416
878.72777 0.03903940424602396
888.95349 0.07313988271398851
891.17647 0.08336702649791859
893.84405 0.030838970478105715
914.29549 0.12365486594970028
924.5212 0.030838970478105715
929.85636 0.08277222750749394
955.19836 0.020777947939291233
962.7565 0.07313988271398851
975.64979 0.1133465605171135
980.98495 0.01694965058340818
983.65253 0.07789487578601183
1008.99453 0.10789001292176768
1019.22025 0.01694965058340818
1026.77839 0.07860863457452141
1045.00684 0.0690952495791009
1047.22982 0.008857984626720368
1062.7907 0.08182133438538243
1090.80027 0.0025148436354186566
1093.46785 0.07730007679558719
1116.58687 0.08182133438538243
1126.81259 0.008202081765058097
1141.92886 0.11849847327133985
1149.487 0.16215085403410628
1152.15458 0.07658631800707762
1154.82216 0.017605553445070452
1165.04788 0.03149487333976799
1180.60876 0.2876424888787916
1180.60876 0.3258338421220781
1185.49932 0.23883819536179882
1190.83447 0.03772759852269941
1190.83447 0.36432983020648413
1205.76835 0.0
1205.76835 0.0
1205.95075 0.3364423024716503
1208.61833 0.08134470993047478
1218.84405 0.24914650079438558
1223.73461 0.03400971697518664
1223.73461 0.29279440163301795
1236.62791 0.1639697032325549
1244.18605 0.1133465605171135
1246.85363 0.07789487578601183
1249.5212 0.015090709809651796
1254.78796 0.00023362
1254.78796 0.0005241511236908533
1267.30506 0.15851315563720908
1269.97264 0.13426332629927243
1271.31783 0.0006146700000000001
1271.31783 0.0013753367091717261
1274.8632 0.08134470993047478
1274.8632 0.2142882111068768
1282.86594 0.005029687270837313
1291.26767 0.00095085
1291.26767 0.002127963963702182
1297.98222 0.26490687389818407
1305.54036 0.31371116741517685
1323.76881 0.08479454407493775
1323.76881 0.28249057612456524
1328.65937 0.19882799292006367
1333.99453 0.0031707464970809275
1340.28728 0.0008853299999999999
1340.28728 0.0019846063914106668
1344.22025 0.12880677870392662
1356.66895 0.010061022538814482
1356.81715 0.00072507
1356.81715 0.0016262124606818782
1372.77702 0.00055769
1372.77702 0.00124989883341665
1377.56498 0.08824097936802686
1379.78796 0.0748505724327075
1385.88691 0.00038533
1385.88691 0.0008646253578832025
1402.90698 0.045144195499425034
1405.83675 0.00020513
1405.83675 0.0004614321858133153
1412.1067 5.769e-05
1412.1067 0.00012922341164839883
1418.46785 0.0745640014396338
1420.69083 0.007546178903395825
1438.91929 0.06017666357410505
1441.14227 0.0
1466.92886 0.006343140991301711
1482.04514 0.03817343354675009
1491.33607 3.276e-05
1491.33607 7.338115731671946e-05
1492.27086 0.04578592685720243
1500.2736 0.008202081765058097
1535.84131 0.036659219189420965
1536.9357 0.00016453000000000003
1536.9357 0.0003685409588925474
1536.9357 0.00040171
1536.9357 0.0009004647509560813
1541.17647 0.032108948928809396
1561.62791 0.008202081765058097
1563.15549 0.00044657999999999997
1563.15549 0.0009990230819064982
1589.63748 0.018431971000416363
1605.19836 0.07313988271398851
1605.19836 0.14699012536511274
1607.42134 0.0068886280445936985
1610.08892 0.1907537356548714
1619.01505 0.00025
1619.01505 0.00036895
1619.01505 0.0005599905167637322
1619.01505 0.0008243060406762137
1625.64979 0.0436299811420959
1627.87278 0.04780824342464624
1638.39489 0.0001396
1638.39489 0.00031269870456086807
1656.32695 0.027353955856786072
1663.88509 0.005029687270837313
1684.56452 3.704e-05
1684.56452 8.296819496371456e-05
1722.57182 0.005029687270837313
1722.57182 0.041811131943647294
1733.58413 0.00011538
1733.58413 0.00025844682329679766
1743.84405 0.00033618
1743.84405 0.000752627254530456
1763.27751 0.039732447145420326
1766.64387 0.00063106
1766.64387 0.001415656026378715
1783.17373 0.00083191
1783.17373 0.0018636484397897004
1786.59371 0.003826649358743199
1786.59371 0.016413053284346415
1810.27911 0.029267344368139697
1819.08345 0.001
1819.08345 0.0022399620670549287
1843.37207 0.029267344368139697
1854.99316 0.00067593
1854.99316 0.0008767800000000001
1854.99316 0.0015142143573291318
1854.99316 0.0019622067707401178
1865.73187 0.00820482721648628
1871.06703 0.0013118057233245418
1895.64935 0.02347032253860154
1907.43274 0.00032407000000000003
1907.43274 0.0007257477097257968
1932.42134 0.0013085577789342245
1942.65095 0.010465102777280626
1945.31464 0.0013118057233245418
1963.29229 1.638e-05
1963.29229 3.669057865835973e-05
1989.65254 0.0
1991.10807 0.0031707464970809275
1996.44323 0.0
