50.0 0.14544679586977977
52.22298 0.18955782881105981
57.55814 0.007086357731147917
57.55814 0.07795922253637697
60.22572 0.031216969000063717
62.4487 0.09588452569713414
72.67442 0.17108660134469045
72.67442 0.18421790776616984
78.00958 0.2550083807514665
78.00958 0.27486337752729045
82.90014 0.23049237613730464
85.56772 0.3614553255041681
93.12585 0.17607017861296426
93.12585 0.3260188931015535
93.12585 0.3403852338766838
101.12859 0.40941264245336406
108.68673 0.18955782881105981
116.24487 0.20032867707403593
116.24487 0.4147655396284001
116.24487 0.47008008874364954
121.58003 0.2256150099617932
123.80301 0.2110968486848592
126.47059 0.5369275713805249
142.03146 0.26766521528270637
144.25445 0.20950691730607993
149.5896 0.19171253379408562
152.25718 0.17232554225115918
157.14774 0.3898054001756347
162.4829 0.19227195409402648
162.4829 0.48243479216111546
170.04104 0.17878698054808373
172.70862 0.19068202271524717
177.59918 0.17607017861296426
180.26676 0.1637093989712089
187.8249 0.42830175441453094
195.82763 0.36330353676039145
200.71819 0.1593999890051573
208.27633 0.17447757058203217
216.27907 0.1562147729432931
218.50205 0.3669999592728382
218.50205 0.3759889011349264
221.16963 0.3719887907281415
226.50479 0.16211679094027678
238.95349 0.1938645621249586
241.62107 0.20838272340189257
246.95622 0.35621717902924355
251.84679 0.15293855070823276
251.84679 0.16211679094027678
251.84679 0.17719437251715162
257.18194 0.38034875301453624
259.40492 0.2218676969478353
259.40492 0.23750737547680384
262.0725 0.20145019432607045
262.0725 0.3084515986736816
269.63064 0.14104350854106928
269.63064 0.1502217487731133
290.08208 0.1400129974622309
290.08208 0.2764051014897682
298.08482 0.22864416488108125
302.97538 0.15565535264335223
305.64295 0.3069614925582461
308.31053 0.1992981659951975
310.53352 0.14919123769427486
310.53352 0.18037958857901584
328.76197 0.13673677522717056
341.21067 0.12980424615134845
343.87825 0.26118841709805635
346.54583 0.2055322366845392
366.99726 0.1270901208683818
374.5554 0.17903037326929597
379.89056 0.11950448866726991
379.89056 0.21722478755341895
418.12585 0.15253315360092767
425.68399 0.11304037371819255
459.02873 0.18162648957089017
469.25445 0.1417457296104581
471.92202 0.11519507870121834
484.81532 0.18088322827239428
487.0383 0.23942694512467594
502.59918 0.290582460698939
502.59918 0.3669999592728382
512.8249 0.13945090051013717
512.8249 0.4110644733690784
515.49248 0.1615546939881831
520.38304 0.46437468749331046
538.16689 0.33156352687022367
538.16689 0.4095227494066006
540.83447 0.11088834538731959
540.83447 0.12334280785442392
543.50205 0.20399051272206142
543.50205 0.2730151662710671
551.06019 0.1506849423447043
566.62107 0.11339565493899148
579.51436 0.13984278596605773
589.74008 0.10283162240731014
602.18878 0.09583300425799447
625.3078 0.09533967303154718
640.86867 0.0939847930017711
666.21067 0.09365605882741895
668.87825 0.11913885881362468
673.76881 0.10339371935940382
679.10397 0.07272107606145241
691.99726 0.14488450438037614
709.78112 0.09908698604550507
717.33926 0.07754528951955286
717.33926 0.0939847930017711
735.12312 0.1152485099420898
763.57729 0.07810738647164656
766.24487 0.09262554774858055
771.13543 0.09028837048932435
781.36115 0.1044610859516202
784.02873 0.12062600591930446
794.25445 0.09103293971764843
794.25445 0.14591501545921454
809.37073 0.148832087341606
814.70588 0.06780495233541517
814.70588 0.2252542296623801
819.59644 0.2622323860274724
827.59918 0.13148819295537675
829.82216 0.31554260015170443
840.04788 0.33495346208892485
858.27633 0.06031300295965223
860.49932 0.2819543790053133
863.16689 0.18981779725976558
870.72503 0.16485765780700015
873.39261 0.2252542296623801
878.72777 0.11000571972029032
888.95349 0.05759887767668558
891.17647 0.06565292400454222
893.84405 0.08689843527062319
914.29549 0.1482027482524525
924.5212 0.08689843527062319
929.85636 0.06518450987779748
955.19836 0.05854836059915658
962.7565 0.05759887767668558
975.64979 0.1358480448349866
980.98495 0.04776093660868698
983.65253 0.06134351403849064
1008.99453 0.12930826701557183
1019.22025 0.04776093660868698
1026.77839 0.06190561099058433
1045.00684 0.054413661614821376
1047.22982 0.024960139452765435
1062.7907 0.09806445163693907
1090.80027 0.007086357731147917
1093.46785 0.06087509991174591
1116.58687 0.09806445163693907
1126.81259 0.02311192819654206
1141.92886 0.14202271190586266
1149.487 0.194340934461181
1152.15458 0.06031300295965223
1154.82216 0.04960914786491035
1165.04788 0.08874664652684656
1180.60876 0.34474508575629365
1180.60876 0.39051816121648336
1185.49932 0.2862521961300993
1190.83447 0.10630929720784356
1190.83447 0.4366563474252119
1205.76835 0.0
1205.76835 0.0
1205.95075 0.40323260610677425
1208.61833 0.06406031597361012
1218.84405 0.29860689954756514
1223.73461 0.09583300425799447
1223.73461 0.3509197528271697
1236.62791 0.19652086040098593
1244.18605 0.1358480448349866
1246.85363 0.06134351403849064
1249.5212 0.042522790133762436
1254.78796 0.00023362
1254.78796 0.0006282052585152142
1267.30506 0.18998108258157112
1269.97264 0.16091719314274333
1271.31783 0.0006146700000000001
1271.31783 0.0016483676441382115
1274.8632 0.06406031597361012
1274.8632 0.2568285652184465
1282.86594 0.014172715462295834
1291.26767 0.00095085
1291.26767 0.0025504059640574935
1297.98222 0.31749601150873197
1305.54036 0.3759889011349264
1323.76881 0.06677711790872959
1323.76881 0.3385704186854176
1328.65937 0.23829919473010458
1333.99453 0.008934568987371293
1340.28728 0.0008853299999999999
1340.28728 0.0023785891412157253
1344.22025 0.15437741532332852
1356.66895 0.028350074671466604
1356.81715 0.00072507
1356.81715 0.0019490470841113056
1372.77702 0.00055769
1372.77702 0.0014980279241516646
1377.56498 0.06949124319169624
1379.78796 0.0897098586262581
1385.88691 0.00038533
1385.88691 0.0010362702127644132
1402.90698 0.0541061913680155
1405.83675 0.00020513
1405.83675 0.0005530353985219407
1412.1067 5.769e-05
1412.1067 0.00015487675796471242
1418.46785 0.058720394928720124
1420.69083 0.021263716940318686
1438.91929 0.04739012636580316
1441.14227 0.0
1466.92886 0.01787378172161752
1482.04514 0.04575159835733453
1491.33607 3.276e-05
1491.33607 8.794873619212998e-05
1492.27086 0.03605718115073337
1500.2736 0.02311192819654206
1535.84131 0.043936783166068354
1536.9357 0.00016453000000000003
1536.9357 0.00040171
1536.9357 0.0004417034665961888
1536.9357 0.0010792244184748552
1541.17647 0.02528633288775727
1561.62791 0.02311192819654206
1563.15549 0.00044657999999999997
1563.15549 0.0011973484841785707
1589.63748 0.014515484624781166
1605.19836 0.05759887767668558
1605.19836 0.11575717565331203
1607.42134 0.019410861937220376
1610.08892 0.1502217487731133
1619.01505 0.00025
1619.01505 0.00036895
1619.01505 0.0006711594642256562
1619.01505 0.000987946731340166
1625.64979 0.052291376176749324
1627.87278 0.03764978918166548
1638.39489 0.0001396
1638.39489 0.00037477544482360643
1656.32695 0.021541696525952208
1663.88509 0.014172715462295834
1684.56452 3.704e-05
1684.56452 9.943898621967322e-05
1722.57182 0.014172715462295834
1722.57182 0.05011145023694439
1733.58413 0.00011538
1733.58413 0.00030975351592942485
1743.84405 0.00033618
1743.84405 0.0009020383199192819
1763.27751 0.047620106305738756
1766.64387 0.00063106
1766.64387 0.0016966911255624588
1783.17373 0.00083191
1783.17373 0.0022336186969429835
1786.59371 0.01078278024359467
1786.59371 0.01292555324600189
1810.27911 0.035077478238289696
1819.08345 0.001
1819.08345 0.002684637856902625
1843.37207 0.035077478238289696
1854.99316 0.00067593
1854.99316 0.0008767800000000001
1854.99316 0.0018148151912661743
1854.99316 0.0023517427626466992
1865.73187 0.006461438296924533
1871.06703 0.0036964225124467513
1895.64935 0.028129635464625703
1907.43274 0.00032407000000000003
1907.43274 0.0008698226656364504
1932.42134 0.0010305110788384195
1942.65095 0.012542628067449062
1945.31464 0.0036964225124467513
1963.29229 1.638e-05
1963.29229 4.397436809606499e-05
1989.65254 0.0
1991.10807 0.008934568987371293
1996.44323 0.0
