50.0 0.03659984858142453
52.22298 0.64581942383364
57.55814 0.0017831923928116546
57.55814 0.0196174534013906
60.22572 0.03493368300098837
62.4487 0.1073006038926127
72.67442 0.19145629087435384
72.67442 0.6276264283021002
78.00958 0.06916589628474563
78.00958 0.28536985559837313
82.90014 0.058000494375626786
85.56772 0.09095566597593759
93.12585 0.08203853547164812
93.12585 0.3809117361279081
93.12585 0.5998672912604929
101.12859 0.4581575958906715
108.68673 0.64581942383364
116.24487 0.10437050783011702
116.24487 0.5260481504534797
116.24487 0.6825154709609161
121.58003 0.7686654603275606
123.80301 0.7192023987921865
126.47059 0.6008545407806737
142.03146 0.9119296005784323
144.25445 0.7137855369647506
149.5896 0.6531604571182964
152.25718 0.5871093961484005
157.14774 0.09808960408741542
162.4829 0.5398738134368432
162.4829 0.6550663899835053
170.04104 0.6091233767063639
172.70862 0.6496495281560694
177.59918 0.5998672912604929
180.26676 0.5577543823057808
187.8249 0.4792956586353356
195.82763 0.09142074498795531
200.71819 0.5430723157364681
208.27633 0.5944413101370511
216.27907 0.5322203534895847
218.50205 0.09235090301199074
218.50205 0.42075440072707454
221.16963 0.41627803439825856
226.50479 0.5523284011823392
238.95349 0.660492371106947
241.62107 0.7099554326423211
246.95622 0.08963755259514367
251.84679 0.5210583351785046
251.84679 0.5523284011823392
251.84679 0.6036973955829222
257.18194 0.42563333959821364
259.40492 0.7558984459194625
259.40492 0.8091824924812603
262.0725 0.07761794777701739
262.0725 0.6863364559873397
269.63064 0.4805321837287991
269.63064 0.5118022497326336
290.08208 0.06955385164150413
290.08208 0.4770212547665722
298.08482 0.057535415363609066
302.97538 0.5303144206243757
305.64295 0.34350854096431116
308.31053 0.6790045419986891
310.53352 0.5082913207704066
310.53352 0.6145493578298056
328.76197 0.46585923645549215
341.21067 0.44224025980051074
343.87825 0.2922856913627587
346.54583 0.05171959063292519
366.99726 0.4329932936506454
374.5554 0.04505073153346508
379.89056 0.24308772156363714
379.89056 0.4071492087702527
418.12585 0.038383040974236185
425.68399 0.3851261089162835
459.02873 0.2032510655098785
469.25445 0.035668522017157894
471.92202 0.39246714220093987
484.81532 0.045516979085714004
487.0383 0.06024876578045616
502.59918 0.07312140496735865
502.59918 0.09235090301199074
512.8249 0.10343918126585037
512.8249 0.4751062026053574
515.49248 0.5504133490211245
520.38304 0.11685402312002979
538.16689 0.08343377250770127
538.16689 0.10305122590909187
540.83447 0.37779419492763294
540.83447 0.4202262792425474
543.50205 0.05133163527616669
543.50205 0.06870081727272792
551.06019 0.037917961962218465
566.62107 0.028534583905680075
579.51436 0.15649256514632648
589.74008 0.35034511395022216
602.18878 0.02411516475128055
625.3078 0.3248202044300318
640.86867 0.02365008573926283
666.21067 0.31908416724239347
668.87825 0.13332361405382367
673.76881 0.35226016611143685
679.10397 0.018299340020596664
691.99726 0.4936183734970997
709.78112 0.33758721883812987
717.33926 0.02365008573926283
717.33926 0.26419512458357763
735.12312 0.029000831457928995
763.57729 0.26611017674479237
766.24487 0.31557323828016653
771.13543 0.022719927715227392
781.36115 0.026286312500850704
784.02873 0.4109701937966763
794.25445 0.31014725715672486
794.25445 0.49712930245932657
809.37073 0.03745171440996955
814.70588 0.05668238099483285
814.70588 0.23101000641852845
819.59644 0.06598746685588082
827.59918 0.14714326849177917
829.82216 0.07940230871006024
840.04788 0.0842868068764775
858.27633 0.20548509689833816
860.49932 0.07095025721778848
863.16689 0.04776525049054338
870.72503 0.04148434674784177
873.39261 0.05668238099483285
878.72777 0.027681549536903858
888.95349 0.19623813074847285
891.17647 0.22367809242987788
893.84405 0.021866893346451175
914.29549 0.16584787034628154
924.5212 0.021866893346451175
929.85636 0.22208221562886563
955.19836 0.014732955234973356
962.7565 0.19623813074847285
975.64979 0.15202220736291824
980.98495 0.012018436277895063
983.65253 0.20899602586056512
1008.99453 0.14470379905620964
1019.22025 0.012018436277895063
1026.77839 0.21091107802177983
1045.00684 0.1853861685015895
1047.22982 0.006280903742701602
1062.7907 0.10974007332818224
1090.80027 0.0017831923928116546
1093.46785 0.20740014905955284
1116.58687 0.10974007332818224
1126.81259 0.005815824730683883
1141.92886 0.158932034581896
1149.487 0.21747930103556484
1152.15458 0.20548509689833816
1154.82216 0.012483515289912782
1165.04788 0.022331972358468895
1180.60876 0.3857906749990472
1180.60876 0.43701352460059956
1185.49932 0.32033358132640055
1190.83447 0.02675139151286842
1190.83447 0.4886449552898829
1205.76835 0.0
1205.76835 0.0
1205.95075 0.4512417601262859
1208.61833 0.21825211130643618
1218.84405 0.33415924430976385
1223.73461 0.02411516475128055
1223.73461 0.3927005022180249
1236.62791 0.21991877047113437
1244.18605 0.15202220736291824
1246.85363 0.20899602586056512
1249.5212 0.010700322897101128
1254.78796 0.00023362
1254.78796 0.0007029998127133883
1267.30506 0.21260036216442577
1269.97264 0.18007610587196793
1271.31783 0.0006146700000000001
1271.31783 0.001844623440196668
1274.8632 0.21825211130643618
1274.8632 0.2874067524916196
1282.86594 0.003566384785623309
1291.26767 0.00095085
1291.26767 0.0028540590687082
1297.98222 0.3552973070544279
1305.54036 0.42075440072707454
1323.76881 0.2275081967523073
1323.76881 0.37888084778006936
1328.65937 0.26667126228927857
1333.99453 0.002248271404829373
1340.28728 0.0008853299999999999
1340.28728 0.0026617856156583844
1344.22025 0.1727576975652593
1356.66895 0.0071339381114778186
1356.81715 0.00072507
1356.81715 0.0021811019830338453
1372.77702 0.00055769
1372.77702 0.0016763841687780796
1377.56498 0.2367551629021726
1379.78796 0.10039077667363497
1385.88691 0.00038533
1385.88691 0.0011596492637067001
1402.90698 0.06054811207446849
1405.83675 0.00020513
1405.83675 0.0006188801770040939
1412.1067 5.769e-05
1412.1067 0.0001733164922881853
1418.46785 0.20005911577489646
1420.69083 0.0053507457186661635
1438.91929 0.16145713578241144
1441.14227 0.0
1466.92886 0.0044977113498899475
1482.04514 0.051198815419921204
1491.33607 3.276e-05
1491.33607 9.841997377987434e-05
1492.27086 0.12284603649392062
1500.2736 0.005815824730683883
1535.84131 0.04916792707208253
1536.9357 0.00016453000000000003
1536.9357 0.00040171
1536.9357 0.0004942929879732212
1536.9357 0.0012077176269691542
1541.17647 0.0861499893666445
1561.62791 0.005815824730683883
1563.15549 0.00044657999999999997
1563.15549 0.0013399056259409024
1589.63748 0.04945394223936839
1605.19836 0.19623813074847285
1605.19836 0.39438219436215466
1607.42134 0.004884498166417245
1610.08892 0.5118022497326336
1619.01505 0.00025
1619.01505 0.00036895
1619.01505 0.0007510681759758421
1619.01505 0.0011055723550364397
1625.64979 0.05851722372662981
1627.87278 0.1282720176173623
1638.39489 0.0001396
1638.39489 0.00041939646946491025
1656.32695 0.07339209425455223
1663.88509 0.003566384785623309
1684.56452 3.704e-05
1684.56452 0.00011127826095258077
1722.57182 0.003566384785623309
1722.57182 0.056077754291060274
1733.58413 0.00011538
1733.58413 0.0003466329845763706
1743.84405 0.00033618
1743.84405 0.0010094356285115318
1763.27751 0.053289789221837955
1766.64387 0.00063106
1766.64387 0.001898700348866929
1783.17373 0.00083191
1783.17373 0.0024995548896476023
1786.59371 0.002713350416847092
1786.59371 0.044037080411932494
1810.27911 0.03925382714920141
1819.08345 0.001
1819.08345 0.0030042727039033684
1843.37207 0.03925382714920141
1854.99316 0.00067593
1854.99316 0.0008767800000000001
1854.99316 0.0020308883478386774
1854.99316 0.0026317428886193507
1865.73187 0.02201398055796336
1871.06703 0.0009301580240354372
1895.64935 0.031478769391499496
1907.43274 0.00032407000000000003
1907.43274 0.0009733843560646913
1932.42134 0.0035109289622269643
1942.65095 0.014035962072636536
1945.31464 0.0009301580240354372
1963.29229 1.638e-05
1963.29229 4.920998688993717e-05
1989.65254 0.0
1991.10807 0.002248271404829373
1996.44323 0.0
